0.0 0.0
 
0.0003489491334252739 9.026084224836628e-06
 
0.004711242259121263 0.00010382809989329737
 
0.011517156619847457 0.00021263648201205884
 
0.0165781024738973 0.0002844143785950873
 
0.024606077110694888 0.0003775232278099958
 
0.0338557905173791 0.000476695362468529
 
0.043803697555825805 0.000573366160149507
 
0.054275428636386416 0.0006449154413204337
 
0.061780204326062176 0.0006907713702078974
 
0.07103027668775556 0.0007472914686040737
 
0.08342196156458422 0.0008088319256675546
 
0.09354455272198767 0.0008891330857234709
 
0.10611024759767086 0.001019450807690809
 
0.11902498955323415 0.0011533884663794624
 
0.13368535972696996 0.0012610814120110354
 
0.14241182425874901 0.0013173994577781348
 
0.14974208785217868 0.0013592145413643534
 
0.1563742737444702 0.0013886374455417884
 
0.16597344385368862 0.0014406249417995777
 
0.17853941032049625 0.0015414077404108744
 
0.19145443141138185 0.001644990061205818
 
0.20262427407436173 0.001721866773615645
 
0.2111762791226389 0.001764903328202753
 
0.21815758930994883 0.0017746621414330022
 
0.22513886217144763 0.0017994895290037506
 
0.23840328060829538 0.0018466615653881724
 
0.24835142950857758 0.0019139902109730725
 
0.2600450345454725 0.001962580162188293
 
0.26842220632222824 0.0020453239932824397
 
0.27540306277481885 0.0021255134826042524
 
0.28430375142121006 0.0022189613639316923
 
0.29477567508163505 0.0022519154751638394
 
0.30856375862679114 0.00227391185399578
 
0.327413248164251 0.002223885696770907
 
0.34399387073652876 0.0022106013759051885
 
0.3610980834209159 0.0022324739706755426
 
0.37820209230661245 0.002146160581387063
 
0.38867406260904813 0.002135715098128741
 
0.40316024684339785 0.0021732226912443008
 
0.4141557842742898 0.0022016923101151474
 
0.4234058429647801 0.0022604072193877513
 
0.43440119574781577 0.0023302004134287705
 
0.44155700743529464 0.002353596128573591
 
0.44784017433270207 0.0023688061147704303
 
0.45359976082112335 0.0023695112159443925
 
0.45813760695207445 0.0023790017055532902
 
0.4673878486029469 0.002386914894012333
 
0.47454369591777273 0.002393036417159894
 
0.4822231293445614 0.0024083568031621145
 
0.490775225660758 0.002425418142119133
 
0.4986291683633838 0.0024501472884660342
 
0.5078792495634102 0.0025052019068468826
 
0.5159076751570534 0.002542997597098538
 
0.5227144154091689 0.0025674248317004854
 
0.5281242471184311 0.0026537667042970305
 
0.5331855378236108 0.0026945270002287323
 
0.5385960518382945 0.002703020433753454
 
0.5426103041717696 0.0027093220134653444
 
0.5469736258852543 0.0027128378778019445
 
0.5522096117372253 0.002708372593433231
 
0.5569219244912759 0.0026815694133461862
 
0.5616342861347228 0.002665518126161499
 
0.5677429323010013 0.002656803822715862
 
0.5775167661670466 0.0026428609372028435
 
0.5844980396994641 0.0026674989452247664
 
0.5921773465649747 0.0027141737353242102
 
0.5986350210378244 0.002737947071310739
 
0.6029983406788116 0.0027434649735003963
 
0.606314465561246 0.0027413159271476055
 
0.6099796569889456 0.0027414203850478066
 
0.6167864410689591 0.0027416143782910377
 
0.6223714910590155 0.0027479700630212702
 
0.6277820117221146 0.002748412422027142
 
0.6321453334345457 0.0027448952504148232
 
0.6365086546499003 0.002748982829967261
 
0.641744320638602 0.0028070296692902946
 
0.6461076379159717 0.002814176254263591
 
0.6495982936823226 0.0028098044915792647
 
0.6527398755382584 0.0028015677723664274
 
0.6567540954524307 0.0027842476286192657
 
0.6609428285299203 0.0027623710370183138
 
0.6658297274486964 0.0027473820762877006
 
0.6710657056740432 0.0027373918562755622
 
0.6766507487326527 0.002748246331752038
 
0.6815376704194817 0.0027467841143572038
 
0.68572645521237 0.0027535175074028676
 
0.6904388435532544 0.0027559725326702944
 
0.6948021661671948 0.0027538504241281948
 
0.7000380764840768 0.0027253735146546016
 
0.7026560316425177 0.0027111350599178055
 
0.7077174616832563 0.0026952937604081176
 
0.7133024603956715 0.002670531521414789
 
0.7181893342690348 0.0026488645622956258
 
0.7244724578205017 0.0026210070434281307
 
0.7305810016533805 0.002584590485771724
 
0.7340715758684405 0.002560332690609519
 
0.7379111768500088 0.0025295525019150816
 
0.7426234995474584 0.0025045585516023277
 
0.7466377233230747 0.0024881577591217984
 
0.751175562856846 0.002475912624384591
 
0.7550152586368848 0.00246109930509067
 
0.7571096146415486 0.0024483020140848325
 
0.760774759085833 0.0024297435894671546
 
0.764265319339063 0.0024035537051608205
 
0.7675813935797446 0.002385101480694586
 
0.7705484532043128 0.0023843165645093646
 
0.7735154849638503 0.0023971994885734
 
0.7766570697121565 0.002404247204440875
 
0.7794495964085625 0.0024050194734549874
 
0.7831147876975953 0.0024060330765360103
 
0.7886998271351526 0.0024186135013230074
 
0.7937612508222488 0.0024008578328267647
 
0.7984735322802945 0.002369024475926552
 
0.8028368553786285 0.0023684989146050654
 
0.8101672167418027 0.0023862509752021564
 
0.8148796050718536 0.002388726707720856
 
0.8174975853780477 0.002380296904594402
 
0.8194174179529936 0.002369635591543689
 
0.8209881953258884 0.002361919046036082
 
0.8236061699184838 0.00235187027866602
 
0.8267476730738577 0.0023281568675809577
 
0.8288420453825017 0.00231838559777563
 
0.8316345721756477 0.0023181487425792467
 
0.834427091202668 0.0023115585779250594
 
0.8359978803148097 0.002306797753492275
 
0.8380922590673711 0.002298522141839375
 
0.8412337778901414 0.0022769840994488703
 
0.8428045287150474 0.002265028082990778
 
0.8452478970741929 0.002243756286019719
 
0.8476913059159412 0.0022277982195834994
 
0.8504838314636272 0.002225150189804625
 
0.852752759467392 0.0022254790162343965
 
0.8546725862232344 0.0022138168135732747
 
0.8558942833357158 0.00220478784302219
 
0.8571159860124814 0.0021965460872234036
 
0.859384879055337 0.0021839463064115493
 
0.8616537859563402 0.0021741550360334047
 
0.8637481488911295 0.002162547180524837
 
0.8653189128628707 0.002152465248531071
 
0.8674132270377645 0.002134053791044579
 
0.8695075804652873 0.0021208414652955786
 
0.8712528610237672 0.0021078042087169834
 
0.8726490854705512 0.0020973744034541073
 
0.8738707443097015 0.0020841442227785604
 
0.8752668971767698 0.00206657554576814
 
0.8770121133995563 0.002046712676141945
 
0.8792809577442154 0.0020272259087487855
 
0.8810262400955161 0.002014430905593366
 
0.8827715060729854 0.001999569352671316
 
0.8841677188549608 0.0019876801103336753
 
0.8857384191045855 0.001970306967235449
 
0.8866110245770075 0.0019601463094789883
 
0.8880071933328826 0.0019438892570686516
 
0.8897524580057616 0.0019288752813312689
 
0.8914977549278864 0.001918252123217593
 
0.8925449195781654 0.0019099511330136242
 
0.8935920779989356 0.0019008983410518775
 
0.8944646976112044 0.0018920348343846205
 
0.8956863519507628 0.0018783954944824417
 
0.8972570703151508 0.0018627455728635206
 
0.899525885730378 0.0018401401305250767
 
0.9009220798320562 0.0018262290890860345
 
0.9023182393737215 0.0018091990905058342
 
0.9033653590299706 0.0017964265915706812
 
0.9049360625386393 0.0017793506398341074
 
0.9063322774574837 0.0017677150465479348
 
0.9077284770043059 0.001754361691576379
 
0.9091246576586262 0.0017391607989530463
 
0.9099972705675763 0.0017296602410634635
 
0.9113934512218965 0.001714459348440131
 
0.9127896126810953 0.001697587286228387
 
0.9138367337754941 0.0016849332395695812
 
0.914883840321389 0.0016711277053174163
 
0.915756429109635 0.0016596230934406108
 
0.9169780534131791 0.0016435166368130852
 
0.9181996571008479 0.0016259158632782708
 
0.9188977067183167 0.001615210574384215
 
0.9197702409605845 0.0016001259617948497
 
0.9206427888249415 0.0015858510231699181
 
0.9216898462621699 0.0015687210968200022
 
0.9227369430734219 0.0015541959772655432
 
0.9239585774658862 0.0015388738330444486
 
0.9251802118583504 0.001523551688823354
 
0.9264018462508146 0.001508229544602261
 
0.9283214339581485 0.0014757670543790766
 
0.9300665619923277 0.0014492653150255553
 
0.9318117436960084 0.00142657128484301
 
0.9339059617404248 0.0013993384486239591
 
0.9356511434441055 0.001376644418441414
 
0.937570783006394 0.0013474086472747228
 
0.9386178348654167 0.0013299410845023102
 
0.938966855770287 0.0013243396669886849
 
0.9400138953129071 0.001306148806043874
 
0.9405374077618768 0.0012966412521007483
 
0.9412354129670548 0.0012833519630625688
 
0.9422824207748216 0.0012634180295053048
 
0.9429804259799996 0.0012501287404671252
 
0.9436784311851778 0.0012368394514289437
 
0.9443764201419212 0.0012227225139943023
 
0.9450744090986651 0.001208605576559652
 
0.9459468952945947 0.0011909594047663447
 
0.9466448842513384 0.0011768424673316987
 
0.9475173704472682 0.0011591962955383869
 
0.9482153594040119 0.001145079358103741
 
0.9489133483607556 0.001130962420669095
 
0.9494368400783134 0.0011203747175931084
 
0.9501348290350571 0.0011062577801584624
 
