0.0 0.0
 
0.00034901214857417347 6.122749572089399e-06
 
0.0017334375703421522 0.00018755521137947968
 
0.0020694825938512196 0.00028200472217479054
 
0.0025455720973208374 0.0004999369650717279
 
0.0022582930513494618 0.0003016500072039449
 
0.0012844924705112937 -0.0006989817509339731
 
0.00021919344601242893 -0.002296169519426121
 
-0.0005685196148227428 -0.004046991872838609
 
-0.0011512142104539921 -0.006239821415374356
 
-0.0013263600891263664 -0.00867699710641586
 
-0.0011563618619991616 -0.010589318047626495
 
-0.0008692358622165019 -0.011596383771142568
 
-0.0006245219761452272 -0.012059277702591163
 
-0.001060262603700766 -0.011513825617476232
 
-0.0019768782066251493 -0.01070608729757897
 
-0.0035935465256719764 -0.009670590158225363
 
-0.0066112794307375405 -0.008295825826427104
 
-0.010765883776824539 -0.0069624648609926355
 
-0.015702477682657152 -0.005845162031425617
 
-0.02279542082719695 -0.004898406617143972
 
-0.030462489918813215 -0.004462535059125272
 
-0.037790687627507716 -0.004283562456027016
 
-0.04704067111169419 -0.0043531236547223575
 
-0.05559002440804295 -0.0045703808870513705
 
-0.06483663661277445 -0.0048296027098151985
 
-0.07460638404644743 -0.005112547805818387
 
-0.08490176098587777 -0.00531879402469062
 
-0.09292902415965455 -0.0054605401561887805
 
-0.09973509856150047 -0.005558829454162803
 
-0.10846112965938734 -0.005662445212559737
 
-0.1154421969871424 -0.00572148868149625
 
-0.12347065759766217 -0.005750920844179457
 
-0.13795685359060836 -0.005783572720300617
 
-0.14598536814975624 -0.005783552274501746
 
-0.15558464526759544 -0.005809014018509089
 
-0.16640550418371156 -0.00587185097834664
 
-0.17932093698109142 -0.005862117964133041
 
-0.18682584383402817 -0.0058505400841004085
 
-0.19642506021738304 -0.005807945354247475
 
-0.20218455661557375 -0.005775723405204055
 
-0.21091096767328252 -0.005711653142398028
 
-0.22242999858935827 -0.005654427155460648
 
-0.23447272657782448 -0.005686925713332904
 
-0.24372293793128408 -0.005711888373727535
 
-0.2550675652438471 -0.005728947064529109
 
-0.26396874357143746 -0.005725039768778389
 
-0.2725208487000527 -0.005713192410396121
 
-0.28194562612004176 -0.005709999689151158
 
-0.29486097729401245 -0.005756937181779543
 
-0.30568201261870775 -0.005768368179457477
 
-0.3123142633280788 -0.005765929891626153
 
-0.31894651028052934 -0.005758461363592797
 
-0.3262768632237808 -0.005737519115869225
 
-0.3339562304086084 -0.005702133931113532
 
-0.34023930402335184 -0.005664669867360588
 
-0.34599878817019986 -0.00563032780892039
 
-0.354899950025563 -0.0056127633234241935
 
-0.3631028923299131 -0.005571223193571506
 
-0.37113138660837586 -0.005553177486092855
 
-0.38090522283346484 -0.005565354934518893
 
-0.39032997389235846 -0.005587873542096904
 
-0.3999292772328549 -0.005599909430670235
 
-0.40795778548127 -0.005609975810204293
 
-0.41650989860334625 -0.005611883164573314
 
-0.4241893370196278 -0.005599310128137736
 
-0.43134518499586305 -0.0055940179494263454
 
-0.43797743610363055 -0.005594830794847228
 
-0.45141628231813835 -0.005523552366500127
 
-0.46031746126141176 -0.005521477192011775
 
-0.4664261134773837 -0.005520053052657023
 
-0.4732328840677724 -0.0055065002160899195
 
-0.4828321424511096 -0.005474751587625786
 
-0.48928985226099697 -0.005485181356801436
 
-0.49662020859817474 -0.005504899885465672
 
-0.5030779241242488 -0.005510812000326212
 
-0.5084884384585696 -0.005502524684056869
 
-0.5135498581875242 -0.005483674447667416
 
-0.5180876704138236 -0.005463730114407284
 
-0.5233235666343776 -0.0054327696817449275
 
-0.5283848565857893 -0.005391915896093409
 
-0.5343187827357202 -0.005344018354295077
 
-0.5426962403771329 -0.005298664355660367
 
-0.5495028838293171 -0.005254909762801676
 
-0.5559604211250833 -0.005206568863037522
 
-0.5610218123832748 -0.005181200860266232
 
-0.570620918478932 -0.005118497991161099
 
-0.5807433262606921 -0.005017697614114242
 
-0.5891203613692548 -0.004922113573793635
 
-0.5964505390200161 -0.004867264155784804
 
-0.6091914349142142 -0.004853306450359478
 
-0.6207105564247177 -0.004887769261464227
 
-0.6322295762629102 -0.004947183286872546
 
-0.6383381567671175 -0.004917549733407589
 
-0.6420031765743988 -0.004882081087688623
 
-0.6454936475204893 -0.00484589592544597
 
-0.6503802583058141 -0.004790752983684191
 
-0.6550921808451086 -0.004724451504516692
 
-0.6594551209639189 -0.004666639253703186
 
-0.6655634923079369 -0.004608043627153789
 
-0.6728936393372421 -0.004549244144633007
 
-0.6786529011919279 -0.004488089390658316
 
-0.6823178208707534 -0.004443458007639407
 
-0.6851100747205526 -0.0044044146366164025
 
-0.6879023021336014 -0.004363524291059305
 
-0.6922651574664899 -0.004299633126126342
 
-0.6981986407192181 -0.004212741141817514
 
-0.7036088410352971 -0.0041538634601343116
 
-0.7088444458443305 -0.004090538390613482
 
-0.7142546530581255 -0.004032297981067463
 
-0.7194904080956508 -0.003982932326699107
 
-0.7247262743252436 -0.003947258714420019
 
-0.7289149673089179 -0.003918719824596749
 
-0.7327545746631341 -0.0038887451164859093
 
-0.7364195924568533 -0.003853069013635767
 
-0.7399101154715273 -0.003822313924631762
 
-0.7439242828077983 -0.003795441947940854
 
-0.7488110481417241 -0.003756323123573348
 
-0.7512544447362288 -0.0037385886999458575
 
-0.7550940018373143 -0.003702750379933269
 
-0.7582352584695866 -0.0036568028958323708
 
-0.7605039203343661 -0.003622050375193318
 
-0.7641686818082407 -0.003565911688007154
 
-0.7680080230173325 -0.0035116696577603026
 
-0.7727199417739453 -0.0034450998933664365
 
-0.7770827447667785 -0.0033777294072834738
 
-0.7805733944585181 -0.0033698858732275267
 
-0.7833657361293451 -0.0033377309373301333
 
-0.7865069228336687 -0.0032872285644159646
 
-0.7894735518195779 -0.00323667273587296
 
-0.7917420461733735 -0.0031923132814870984
 
-0.7936613774511536 -0.00314716657004354
 
-0.7957551179200821 -0.003094805384994535
 
-0.7987211089610443 -0.0030151776463128235
 
-0.8004657394455229 -0.002965794749527619
 
-0.8029083761700588 -0.00290233405485402
 
-0.8067472876111974 -0.0028233273160793845
 
-0.8093650435165839 -0.002788029086451332
 
-0.8125066090990527 -0.0027749871488343255
 
-0.8154736186419943 -0.0027922441453526146
 
-0.8175679885236566 -0.0028025224581883588
 
-0.8200114487881109 -0.0028043565388468712
 
-0.8217567625577029 -0.0027970051077190494
 
-0.8235020575395615 -0.002786067824403447
 
-0.8252473591879825 -0.002776251822837231
 
-0.8280397745116889 -0.0027512997393746995
 
-0.8306577052280102 -0.002733114312726524
 
-0.8341483109965836 -0.0027139268201862602
 
-0.8376388492421546 -0.002684951871082118
 
-0.8404313054459114 -0.0026650949669968396
 
-0.8430492918445729 -0.002658837042059181
 
-0.8451436264409216 -0.0026429171342051915
 
-0.846539842143509 -0.002631375969485047
 
-0.848634148101817 -0.002612052462451269
 
-0.8507283178209882 -0.0025813273548820222
 
-0.8522989928522416 -0.0025618069432675576
 
-0.8547422960193826 -0.0025340389534502525
 
-0.8571856812296337 -0.0025147998748314983
 
-0.8599780915762968 -0.002489296887013969
 
-0.8618979049128985 -0.0024756026536913458
 
-0.8645158942460933 -0.002470724490222327
 
-0.8666102214503042 -0.0024538601304368098
 
-0.8680064395864446 -0.002442617223913132
 
-0.870275294057673 -0.0024243475008121555
 
-0.8716714820093212 -0.0024098323257482302
 
-0.8727186157146998 -0.0023982688361102594
 
-0.874987376399518 -0.0023707125406574807
 
-0.8767325537385631 -0.0023476853143721715
 
-0.8807463424635638 -0.0022863536115228806
 
-0.8844112101600988 -0.002237640374240567
 
-0.8887739901639452 -0.0021687972576075326
 
-0.8926132365673299 -0.0021082153149704634
 
-0.8968015053710225 -0.0020421259230027503
 
-0.9002917293740996 -0.0019870514296963238
 
-0.902385863775946 -0.0019540067337124665
 
-0.9041309757774845 -0.001926469487059255
 
-0.906225059587265 -0.001890360727119893
 
-0.9077955906917504 -0.0018614963872540847
 
-0.9098896321643978 -0.0018230106007663413
 
-0.9114601632688832 -0.001794146260900533
 
-0.9132052329129938 -0.0017640441833907076
 
-0.9147757617314461 -0.0017350557256329518
 
-0.9163463568425185 -0.0017099141793909171
 
-0.9180914212020763 -0.0016795072908909966
 
-0.9200109919975898 -0.0016460597135410844
 
-0.9214070434852362 -0.0016217342027411456
 
-0.9229776014088382 -0.001594368003091217
 
-0.9240246052290937 -0.0015742257191558883
 
-0.9250716246024355 -0.001554908807412005
 
-0.9261186439757771 -0.0015355918956681256
 
-0.9276891318317241 -0.0015044632176454506
 
-0.9292594830764014 -0.0014670724619331138
 
-0.9299574169629246 -0.0014504543482831873
 
-0.9310045375794643 -0.0014377608204190451
 
-0.9318771250546676 -0.0014261570458143583
 
-0.9334477548806188 -0.0014032867571175816
 
-0.934843748249441 -0.0013758276814033812
 
-0.93536723793935 -0.0013651401949297001
 
-0.9362397207558648 -0.001347327717473563
 
-0.9369377070090766 -0.0013330777355086549
 
-0.9379847108471847 -0.001312936379567682
 
-0.9390317419564755 -0.0012942664194899448
 
-0.939904246005306 -0.0012775262211230216
 
-0.9404277285583312 -0.001266494698731864
 
-0.9411257197947723 -0.0012524909310218915
 
-0.9423472044585444 -0.0012279843375294377
 
-0.9432197132386394 -0.0012114925782589741
 
-0.9439177202627155 -0.0011982991708426012
 
-0.9446156768785038 -0.0011826647813156608
 
-0.9451391368058193 -0.001170607322922172
 
-0.9458370988905608 -0.0011552190182033029
 
-0.9468840420176728 -0.0011321365611250027
 
-0.9477564946235997 -0.001112901180226417
 
-0.9486289702921297 -0.0010947419597118761
 
-0.9496759705880548 -0.0010744173055874506
 
-0.950548446517417 -0.0010562706213167383
 
