0.0 0.0
 
0.00034905719073022865 2.4587627384961997e-06
 
0.0012163095273389872 9.94996516123056e-05
 
0.0018877192938020937 0.0002908025453611812
 
0.0026672461344086364 0.0006830798124067611
 
0.0033589326973000543 0.0012151636856656965
 
0.004510666443040746 0.0025265307497591887
 
0.00553895472567403 0.004147793833659605
 
0.006996841952728165 0.007510559517703947
 
0.008350802914625187 0.012206174006238643
 
0.009384562201287116 0.01787222896114446
 
0.009957763008228263 0.025530255685152985
 
0.009996198657956588 0.0353040239219152
 
0.009733699787449517 0.043502870326981365
 
0.009290427118959653 0.0522182512301919
 
0.008803017323079906 0.06163041736242122
 
0.008426304373716997 0.06965008901284744
 
0.008165788818386867 0.07592787120481526
 
0.00791930314362905 0.08290483558612124
 
0.007724330917585973 0.08988342949871891
 
0.0075942797532386865 0.09599069735091957
 
0.007485265292532339 0.10262205251140961
 
0.007412536874285105 0.1076829847952128
 
0.007333016012232266 0.11448930435735921
 
0.0072398388770243405 0.12304091008448806
 
0.0069826221590271855 0.13927043398180272
 
0.006771239758939444 0.15392967573853883
 
0.0065856947799189216 0.16440000735620852
 
0.006334125671609717 0.17486896069964072
 
0.00611251250675104 0.1849894442662204
 
0.005971679001471651 0.19162019998038993
 
0.00583874785470774 0.19807654988409096
 
0.005657772915507372 0.20784871806298008
 
0.0054899890060752885 0.22058851678839456
 
0.005458894724988836 0.23856538119232784
 
0.005388563724904224 0.2530514432535469
 
0.005080213536075955 0.27312036095802145
 
0.004471014434862646 0.2942300563789601
 
0.004155250117122659 0.31133136810814616
 
0.004055447021656883 0.3193592623132913
 
0.00399887295704454 0.3251185709862126
 
0.003955026366280345 0.3307034524766864
 
0.0038947373039795764 0.338382664526088
 
0.0038467865596698405 0.34536381685876144
 
0.003786779177686954 0.3530430311144529
 
0.0036407325891629648 0.36421218352359375
 
0.0034417836051321396 0.3750313958548017
 
0.003262777109898386 0.385501841298902
 
0.0031374725632347606 0.3928311531097721
 
0.0029958964503954354 0.40173120631696124
 
0.002912790410598439 0.40749019324183966
 
0.0027861890514328676 0.4156922637198801
 
0.002638259135872756 0.42459221358640215
 
0.002496140488980939 0.43384136681836294
 
0.0024023761597639663 0.4402984042984591
 
0.00228580429100773 0.4483260725169571
 
0.0021746703670766972 0.4577501952273614
 
0.002124077444930236 0.4622877692415026
 
0.0020740712587687797 0.46734897704057665
 
0.002025141048886699 0.47275927646630755
 
0.0019805998409863452 0.478169613805356
 
0.0019298164163208393 0.48515074610675607
 
0.0018873304724609191 0.4919573975958609
 
0.0017946330545143083 0.5010326362979024
 
0.0017250189358835656 0.5087117694745827
 
0.0016538226781930333 0.5165654284052786
 
0.001595089179246179 0.5261645596087565
 
0.0015325840128622694 0.5329710567000462
 
0.0014907863080010973 0.53873049156526
 
0.0014385536465776937 0.5444898412476332
 
0.001364161674247391 0.5526925514013165
 
0.0013177619881456664 0.5594991773362924
 
0.0012856391285367785 0.5642114568297375
 
0.0012479957754286096 0.5690982337521316
 
0.0012258592442173047 0.5746832434889312
 
0.0012156120732946343 0.5783484205935309
 
0.001201949178731074 0.5832353233996638
 
0.0011863344420870046 0.5888203551781014
 
0.0011759166308298406 0.5966743299027881
 
0.0011678138887409352 0.6027829769108778
 
0.0011115043347580274 0.6097640668257838
 
0.0010444112838332137 0.6162214365140792
 
0.00098964362778982 0.6232025386956638
 
0.0009289042943033145 0.6291363472922323
 
0.0008663785098319107 0.635244679671053
 
0.0007808463766226713 0.6418763792775936
 
0.0007093910394626293 0.6479846137245235
 
0.0006665178371666039 0.6516495543926816
 
0.0005974631664732668 0.6570596343822898
 
0.0005254039725308619 0.6633424064676773
 
0.00047393102563548416 0.6691017629899382
 
0.00045131142372770454 0.6724178114226229
 
0.0004263108110927905 0.6760829175850639
 
0.0003958470752503713 0.6814933525030996
 
0.00037397578799228803 0.6863802254662603
 
0.00035991567475494846 0.6895217866568637
 
0.0003515476718954345 0.6970266977752643
 
0.00036516894394917753 0.7034844016419453
 
0.00038210349839437163 0.7115128983410622
 
0.0003103230907764098 0.7200647104334713
 
2.391123625792907e-05 0.7294851354694977
 
-0.00012807065775238225 0.7350681208080109
 
-0.00021536737935979884 0.7399542629461067
 
-0.00024091769685122093 0.742572132141937
 
-0.00025456210425803174 0.7450155549989075
 
-0.0002631672984985977 0.7474590007990943
 
-0.00026660353446484637 0.7493788599011384
 
-0.00028683762579080407 0.7553129448608347
 
-0.00034503635467639373 0.7628176349827864
 
-0.000401881624750689 0.7701477974274833
 
-0.0004862012679640389 0.777128605214813
 
-0.0005479324875186628 0.7832369456752328
 
-0.000583899081792129 0.7874255814655363
 
-0.0006080859632444917 0.7917888375583452
 
-0.0006428489257529128 0.7966756358197549
 
-0.0007095066607727689 0.8019111992590768
 
-0.0007546228906954097 0.805925203000046
 
-0.0007750167689018303 0.8083685788445594
 
-0.0007896963681383213 0.8109865315665479
 
-0.0007974131097349829 0.8125573089384793
 
-0.0008072790901690919 0.815000749973219
 
-0.0008164403577150497 0.8172696595054773
 
-0.0008207405366629326 0.8204112492160458
 
-0.0008217182019833497 0.8228547099732486
 
-0.0008169549914682845 0.8254726995181143
 
-0.000808461529869701 0.8273925429076983
 
-0.0008007402011437164 0.8291378550800472
 
-0.0007872362482233935 0.8315812787172979
 
-0.0007756614314345464 0.8336756418349411
 
-0.0007638152443017814 0.8364681435116444
 
-0.0007527858936125526 0.8385625095728553
 
-0.0007349258310077361 0.8410059052522293
 
-0.0007235377717858989 0.8427511973509836
 
-0.0007041780711087761 0.8457181939188658
 
-0.0006981947060925893 0.8483361809594265
 
-0.0006905420138840677 0.8502560278845018
 
-0.0006851324557639697 0.8520013487531527
 
-0.0006754377892970753 0.854270256068985
 
-0.0006679803535533102 0.856015569388856
 
-0.0006604573325795004 0.8584590187605384
 
-0.0006560700726246634 0.8609024757746416
 
-0.0006513694369587668 0.8635204654326092
 
-0.0006472955527149899 0.8657893898028476
 
-0.0006409683632368991 0.8678837753479665
 
-0.0006392090458267269 0.8696291037132516
 
-0.0006434513755642051 0.8720725609832807
 
-0.0006411710985292179 0.8743414878650317
 
-0.0006271931990699439 0.8774830494225085
 
-0.0006207070431439441 0.878704762681312
 
-0.000612165768974432 0.8807991403672999
 
-0.0006065535758474764 0.8827189943416186
 
-0.0006035602127156853 0.8844643210266964
 
-0.0006027734678057395 0.8865587159813219
 
-0.0005980849291531281 0.8890021724359012
 
-0.0005954057642087786 0.8903984332670893
 
-0.0005923917036463858 0.8919692267021758
 
-0.0005931055562897193 0.8937145558081846
 
-0.0005936766384043861 0.8951108190929916
 
-0.0005918028064611876 0.8972052133571363
 
-0.0005902412798418556 0.8989505419105903
 
-0.0005823282793763863 0.9001722467609442
 
-0.0005762646418712626 0.9013939621898619
 
-0.0005703277463750777 0.9029647472972346
 
-0.000565809960401176 0.9050591375270005
 
-0.0005631745852497339 0.9062808651610303
 
-0.0005615304242877203 0.9080261936385962
 
-0.0005598862633257067 0.9097715221161619
 
-0.0005566847178060387 0.9111677818472798
 
-0.000554983036783395 0.9127385772523385
 
-0.0005551635236846432 0.9139603077154029
 
-0.0005531584167147607 0.9157056358156218
 
-0.0005481981153814912 0.9167528216189265
 
-0.0005424110971593424 0.9179745383894488
 
-0.0005374507958260735 0.9190217241927533
 
-0.0005319913405796234 0.920592511032086
 
-0.0005313472601720436 0.921988774285128
 
-0.0005268529963991033 0.9240831645655012
 
-0.000528553412464543 0.9265266249266293
 
-0.0005300109119492056 0.928621019521882
 
-0.0005182429301033168 0.9305408456322427
 
-0.0005107542143832047 0.9317625531570178
 
-0.0005046487778219865 0.9331588032099378
 
-0.000491703430838357 0.9350786217423546
 
-0.00048464233248364963 0.9361257954873092
 
-0.0004790684993651045 0.937172978204707
 
-0.0004734946662465606 0.9382201609221046
 
-0.0004688498053144396 0.9390928131866028
 
-0.00046189061631815375 0.9399654500636343
 
-0.00045632326512112575 0.9406635595652595
 
-0.0004525198017640719 0.9413616809052322
 
-0.0004466631578250851 0.9422343258783963
 
-0.0004431491714616931 0.9427579128622947
 
-0.0004396351850983003 0.9432814998461932
 
-0.000436828884180134 0.9436305544158378
 
-0.00043261943280288324 0.9441541362703048
 
-0.0004298131318847152 0.9445031908399495
 
-0.000427006830966548 0.9448522454095941
 
-0.0004258336836534006 0.9450267743920128
 
-0.00042231424171396115 0.9455503613392683
 
-0.0004196636874693125 0.9460739534060247
 
-0.00041612961514311505 0.9467720761616999
 
-0.0004143625789800158 0.9471211375395375
 
-0.00041221207975249613 0.9474701967655547
 
-0.0004097067660874162 0.9478192536252755
 
-0.00040594879558979673 0.9483428389148567
 
-0.0004034434819247184 0.9486918957745774
 
-0.00039968551142709896 0.9492154810641585
 
-0.000396715900996383 0.9495645342826348
 
-0.0003933134549675034 0.9499135835503257
 
-0.00038956584224375665 0.9502626292827357
 
