0.0 0.0
 
0.0012210528011474845 4.068677628853194e-05
 
0.014828439025439916 0.0004509042078661494
 
0.03192899605409616 0.0008051912000499866
 
0.04676180676240775 0.0010768753683297607
 
0.06002499199835496 0.0012637953131051727
 
0.07660511718827989 0.0013929078373653742
 
0.09178821669757702 0.0011969121043977624
 
0.10609872428105245 0.0010121804940144963
 
0.12215567683077974 0.0009625929625539546
 
0.14222609916096224 0.0007763534500082066
 
0.15810791161354146 0.0006289813139937451
 
0.1746854485359255 0.00030883924475176463
 
0.19597670182241209 3.4793443451308366e-05
 
0.22005078011931112 -0.0007082868998382087
 
0.24343812105609225 -0.0006506425091860938
 
0.26311887562820174 0.0006275917408793579
 
0.281439838285972 0.00319867325746594
 
0.2972901381755618 0.006696043667301545
 
0.311444469588311 0.011139126837124024
 
0.3249178653331226 0.01646064425180522
 
0.3368157417671418 0.02232473480615482
 
0.3500111753076954 0.03018452256153737
 
0.36139984880090215 0.037956899788230254
 
0.372432308006224 0.04622712200844868
 
0.38454344093954007 0.05595378213845212
 
0.3968084396800918 0.06631708228858456
 
0.4116587704691176 0.07875841655689021
 
0.42485827975275486 0.08935971293745085
 
0.4358227514495918 0.09800468309776682
 
0.44767554555225303 0.10721371755498164
 
0.4596041393938744 0.11632435379159438
 
0.4703486048818377 0.12439678400618935
 
0.4808056004621676 0.13197700448505162
 
0.4921471653170161 0.14012096269385643
 
0.5050178225086593 0.1500108458998769
 
0.5186716385207973 0.16088240181857558
 
0.5305152177598111 0.17066122386890603
 
0.5427498709749505 0.18078875792368226
 
0.5562802254531819 0.19153515456750475
 
0.5638023801464594 0.19595912831483622
 
0.5746045348403781 0.19880249763894622
 
0.5833764697222926 0.2003138378766075
 
0.5991766084827991 0.20588977091280602
 
0.6122759019045128 0.2142381821427886
 
0.6226739963329028 0.22355670031478256
 
0.6302734267824874 0.23126017959416878
 
0.6399847676080376 0.24247516711827716
 
0.6479895035816732 0.2526108812553066
 
0.6565184803547863 0.2638854563836989
 
0.6653883100804625 0.2753387118653762
 
0.6729581050538029 0.2847049575178264
 
0.6809436117962147 0.2941806803599834
 
0.6877721902691841 0.3021199994215724
 
0.6960997484607543 0.31176273749591366
 
0.7062043963143617 0.32356034530290734
 
0.7173761568303841 0.3369696400926924
 
0.7259547955459577 0.3475401744209984
 
0.7355429270622795 0.35953865198727913
 
0.7451310585786014 0.37153712955355983
 
0.7530256979724327 0.380861141808853
 
0.7578321010863296 0.3854311795027806
 
0.7602876860230257 0.38709657616739485
 
0.7620305078007898 0.3879018357717275
 
0.7630390735722936 0.38818364740346584
 
0.7652867297597131 0.38849360878420514
 
0.7689514701293294 0.3885511086615898
 
0.7734757162637951 0.3881999185530251
 
0.7789931289463963 0.38733332690984296
 
0.7883753755957141 0.38530349507029504
 
0.7998337899429301 0.38221159669601307
 
0.8085259219860461 0.3796009663400722
 
0.8185072603113231 0.3764331348484088
 
0.8354589232008619 0.370995755992239
 
0.8631119215642107 0.36235194644546587
 
0.8911655352913063 0.35444357879505517
 
0.9221376353681915 0.3453176741249737
 
0.9419690352330103 0.33914642566444153
 
0.96264634766153 0.3327567077209461
 
0.9866587104817467 0.32533639010914495
 
1.0030386344056927 0.3204116909093065
 
1.0179767170773764 0.3161524486871507
 
1.032734909287197 0.3118990391629193
 
1.0426062003434908 0.3089673269141325
 
1.0524635491543028 0.3059890726856069
 
1.0616336873970635 0.30315088063887363
 
1.0707927652850293 0.30027719629161903
 
1.081450601372844 0.296933272687541
 
1.0931076095938912 0.2932758562455806
 
1.108079826936969 0.2885247702793116
 
1.1192258109590378 0.28498785072664473
 
1.134221135738056 0.2803102076450287
 
1.148063039059037 0.2760378952800804
 
1.161700926410569 0.27169821998675436
 
1.1729782390063361 0.2679999345020034
 
1.1812580895725964 0.2652434095978754
 
1.1908798556014122 0.26209779065989536
 
1.203010810303089 0.2582028502200171
 
1.215824547381283 0.25415120730849977
 
1.2294703453087106 0.2498364707014293
 
1.2387721843142767 0.24683583510881846
 
1.246896735027351 0.24416556954122604
 
1.2543580571107869 0.24171328483629412
 
1.2626127587523515 0.23888233874789466
 
1.2696745641461393 0.236341735374908
 
1.2766959793637387 0.23369154872853254
 
1.2833366474785528 0.2310255188609127
 
1.2932318541017205 0.2266460414890309
 
1.3059042812395787 0.22121268873731656
 
1.324144565206921 0.2164589744810817
 
1.3397219892524308 0.21336098393368658
 
1.3515194901403158 0.21018584480353242
 
1.3570695214890827 0.20864636793054006
 
1.3632551951137646 0.2067917610779389
 
1.3695804222900103 0.20479720433869059
 
1.37523394404551 0.20299402229368216
 
1.3840771080775278 0.20028007993598373
 
1.3934322711526552 0.1974500716881359
 
1.4038099781367053 0.19438443408411124
 
1.4138961084723447 0.1915680097595984
 
1.4211102799585251 0.18949931676967874
 
1.4259680423103944 0.18807788441574141
 
1.4350135308276692 0.18543107934289235
 
1.4459422536640345 0.18238741756375249
 
1.4538753054831595 0.18030015215993844
 
1.461542863565831 0.17859909938131338
 
1.46931311431123 0.1774553201804034
 
1.476459899375286 0.17709524863982498
 
1.4839604936056914 0.17734989959578348
 
1.490910429082504 0.1780110985325765
 
1.4974621046158059 0.1790417794354413
 
1.5042745574703302 0.18056797512104628
 
1.510464130446512 0.18240952640768418
 
1.5186746205110866 0.18584738094009995
 
1.5240843060810025 0.18828645366594926
 
1.5301451753749944 0.19097952232796844
 
1.5341428340483403 0.19272803994815185
 
1.5378192712071077 0.1943398933299298
 
1.543580121399648 0.19684808444375435
 
1.5488401851670721 0.19919426563398754
 
1.5542415433666577 0.20165172434719406
 
1.5607251739811272 0.20467971416244374
 
1.566538681641094 0.20749134241957698
 
1.572002249939505 0.21022356777127613
 
1.577753830865906 0.21315979692034823
 
1.5824172748602852 0.21554052325743364
 
1.588447563474714 0.218697725939596
 
1.5932058462164682 0.22127308599035117
 
1.5979576950286 0.2238602981788169
 
1.6041278888214272 0.22712641142315332
 
1.6082927696315854 0.22933103786308026
 
1.6121539301425754 0.2313632849555974
 
1.616321426319273 0.23356296345930205
 
1.6206277740546342 0.23587323939377988
 
1.6247637603131868 0.23813160773652586
 
1.6290353078648743 0.24050561010066743
 
1.6327065317453537 0.2425225579431043
 
1.6360273741792277 0.24445011822674242
 
1.639067993705887 0.24616456556788915
 
1.642252601550571 0.2479789252588475
 
1.6462099022894792 0.25019971530732454
 
1.6491109992505075 0.25180605439886505
 
1.6532336107214431 0.2540887467921072
 
1.6572093678097777 0.25627632379695403
 
1.6599657607835945 0.25778360684103896
 
1.6630346706008465 0.2594468835242888
 
1.6661050162056348 0.2611075083038901
 
1.6697966962321893 0.26308676623585664
 
1.6730285337251931 0.26481559665883303
 
1.676732007830061 0.2667726973037374
 
1.6801307024057652 0.2685594144886208
 
1.682915501071303 0.27001354680498935
 
1.6860065882811774 0.27163523624887786
 
1.6901767308507554 0.273829893591573
 
1.6943413260709967 0.27603505947059304
 
1.7001911308849833 0.27916020571604433
 
1.707888242482334 0.28327224024953296
 
1.7199332862574754 0.2896162262719929
 
1.7303628794370483 0.29490454791981785
 
1.7407772900745324 0.2994035379102208
 
1.7477431210886096 0.3021965576383788
 
1.7539575448440923 0.30451338581597376
 
1.760878537714125 0.3069288299869977
 
1.7665074029129229 0.3088075663445265
 
1.7698309157505292 0.30987478666373686
 
1.774016501262961 0.3111074515228083
 
1.7775492935729182 0.3120836721471029
 
1.780928080566886 0.3129603107504416
 
1.7846579293636111 0.3138722926972175
 
1.788401434841851 0.314726488138592
 
1.7918133684102493 0.31546364898691887
 
1.7952360037406785 0.3161494070976001
 
1.798495425140346 0.316760030544323
 
1.801414986722954 0.3172888061084276
 
1.8058883097515093 0.31805137981619896
 
1.8095160193459738 0.31857420991367086
 
1.813154562631922 0.31901537991364437
 
1.8171518687463595 0.3193838976665351
 
1.8209825327625238 0.3196475192000683
 
1.8244689420305211 0.3198197028447313
 
1.8288312252279713 0.31991496061035696
 
1.8323218737642764 0.31990661870039916
 
1.8358107589564663 0.31979536715125473
 
1.8408570968981715 0.3194044728149351
 
1.8441533497407017 0.3190419730874686
 
1.8476117747474632 0.31856869382099207
 
1.8512439941640118 0.3180781733600155
 
1.855052846090172 0.317592241140188
 
1.8581644185831465 0.31715897329917897
 
1.8619496972025078 0.31651465281100166
 
1.8663957445163584 0.3156064673340289
 
1.8704736010241627 0.3146488402242064
 
1.873343573891678 0.3138960459816911
 
1.87602518203057 0.31311682602816915
 
1.8796717791449977 0.3119144065494825
 
1.8827757902968818 0.31074744312962804
 
1.886301367180931 0.30922632815950357
 
1.8888094202600454 0.30799837225684124
 
1.891090693759022 0.3067139723315571
 
1.891961565153401 0.30613241775485406
 
1.8925026425203144 0.305691256611197
 
1.893250435457514 0.3049581615052887
 
1.8936886156454225 0.30441466726007244
 
1.8945697829649375 0.3031143037511679
 
1.8956295248896224 0.3013078049557093
 
1.896982384218685 0.2986671203725746
 
1.8982495630184262 0.2959842671672493
 
1.8994314311528548 0.29326275450979944
 
1.9004775145047168 0.29067356244131626
 
1.9011464849552535 0.2888740210231412
 
1.9018134194341922 0.2868886522297603
 
1.9025836076969118 0.2843865127482027
 
1.9031509610457782 0.28237042717897254
 
1.9037914854933247 0.27983199845684936
 
1.9043924047628937 0.27728390348674753
 
1.9049213719667515 0.27471990550655273
 
1.9055305100719895 0.27146020619173106
 
1.9061030367340577 0.2680168197753248
 
1.9066056782109058 0.2645625400620968
 
1.9069909714661466 0.261620603193416
 
1.9074344376803032 0.25780657371862475
 
1.9077389646593232 0.25485518307167815
 
1.9081709718880489 0.24998739348444118
 
1.9083990201925929 0.2472041939017067
 
1.908657759665158 0.24389817775842554
 
1.9088751213013753 0.24076411357270933
 
1.9091132962519666 0.23728159013640904
 
1.9093337912574229 0.23414774483811224
 
1.909598951198239 0.23031718700361023
 
1.909855521737074 0.22631113744509043
 
1.910303125634158 0.21951908618638516
 
1.910601528232214 0.21499105201391558
 
1.9109149600175077 0.21011419173016263
 
1.9112207206230976 0.20523684448362087
 
1.9114718811205464 0.20123045210253335
 
1.9118322418342775 0.19548214999053776
 
1.9122186418737275 0.18903600232093587
 
1.9125753331009665 0.18276294971691898
 
1.9129098950589292 0.17718792576338754
 
1.9131294513438422 0.17352931629388313
 
1.913275822200451 0.17109024331421308
 
1.9134221930570594 0.1686511703345439
 
1.913583613068138 0.16603815760491014
 
1.9137957453630108 0.16290373512372525
 
1.9139989485967448 0.16011861135765285
 
1.914180696855355 0.15768191913287127
 
1.9143978821632062 0.15507294951111372
 
1.9145684339168965 0.15316067785710283
 
1.9147468908739498 0.15124912772856894
 
1.9150630118052168 0.14794810418864776
 
1.915282930073377 0.14568985921749733
 
1.9154718347551152 0.14377931327441298
 
1.9156990204955064 0.14152178785179695
 
1.9159087304097138 0.13943791823092017
 
1.9161043938380156 0.13752805263296775
 
1.9162533373385284 0.13613975607952863
 
1.916363761019699 0.13509839671702709
 
1.916352936387408 0.13527259364385008
 
1.9163170667680913 0.13544340088136872
 
1.9160577607871123 0.1360915893415307
 
1.9160577607871123 0.1360915893415307
 
1.9159214432241773 0.1362005813780011
 
1.9157549925276616 0.13625307811702578
 
1.9169762235739674 0.13628800788218157
 
1.9178101247707313 0.13654520886099564
 
1.9182703938246732 0.13679482471744508
 
1.9182703938246732 0.13679482471744508
 
1.9185014492673973 0.13705647400619345
 
1.9183442683207794 0.13674479930729205
 
1.9183442683207794 0.13674479930729205
 
1.9183442683207794 0.13674479930729205
 
1.9183442683207794 0.13674479930729205
 
1.9183225167828355 0.1370931867905805
 
1.9183225167828355 0.13709318679058005
 
1.9181787834331625 0.13759667105249873
 
1.9182995933852707 0.1372691776580825
 
1.9183828977716224 0.13711580842651025
 
1.9183828977716224 0.13711580842651025
 
1.9180624647999636 0.13773605884556042
 
1.9181634294378362 0.13740191350321132
 
1.9181696639768624 0.1370529033336778
 
1.9181168209826875 0.13688656223849896
 
1.9183960569784575 0.13732948766842404
 
1.9180598617879185 0.13692807955731204
 
1.9180598617879183 0.1369280795573117
 
1.9177797381087571 0.13671980643785592
 
1.9179365227598872 0.1367964896508082
 
1.9177713981262405 0.1367399600360764
 
1.9177713981262405 0.1367399600360764
 
1.9182735790369558 0.13688818287750681
 
1.9182735790369558 0.13688818287750681
 
1.9179331842028378 0.13681086324985198
 
1.9181063640376683 0.1367891725424667
 
1.918733325695154 0.13648207817309316
 
1.9186179892587798 0.13661307148751423
 
1.9190680632970611 0.1356675261045224
 
1.9191759013577938 0.13533553526041409
 
1.9195520515621949 0.1336312215505598
 
1.9197889486667883 0.1317260311293016
 
1.9200214789928856 0.12859305585832737
 
1.9204272532526359 0.12459935973107396
 
1.9221396957418555 0.12020912618107148
 
1.9245987351830165 0.11660472418302999
 
1.9267620033040365 0.11409136788300459
 
1.9283999326699175 0.11252126540648287
 
1.9302282109283264 0.11090018550788128
 
1.9320721399442222 0.10929693031541929
 
1.9336273359763263 0.107894127354681
 
1.9352647656169026 0.1063235037312255
 
1.9372800636360739 0.10439042850235689
 
1.9384786179414657 0.10312171191663207
 
1.9397299675392505 0.10166569166830307
 
1.9410769436932327 0.10006190050810436
 
1.943062036779731 0.09809782021838212
 
1.9450126345175085 0.0966261987000567
 
1.946963221598357 0.09546721447478881
 
1.9485279354604605 0.09469401027950188
 
1.9498226564614152 0.09417127801885443
 
1.950315794232914 0.09399529274637633
 
1.9501488644552083 0.09404624558038786
 
1.9506595772590036 0.09393079814712117
 
1.9503157849406019 0.09399124489825787
 
1.9503157849406019 0.09399124489825787
 
1.950664356927835 0.09397268317335648
 
1.9506643569278346 0.0939726831733565
 
1.9504909667381936 0.09399262268475428
 
1.9508340568001634 0.09392830956562512
 
1.9504946599100452 0.09400989828355279
 
1.9506639851698289 0.09396758163933291
 
1.9504949215676104 0.09401093184560172
 
1.9506631058618589 0.09396428653343818
 
1.9506631058618589 0.09396428653343818
 
1.9506631058618589 0.09396428653343818
 
1.9508264287846446 0.09390274496316735
 
1.9508264287846446 0.09390274496316735
 
1.9511465454341017 0.09376356055795375
 
1.950831348699791 0.093913553846452
 
1.9509877031880478 0.0938359973123574
 
1.9509877031880474 0.0938359973123576
 
1.9511413811487437 0.09375326384648636
 
1.9512943846677555 0.0936692896531381
 
1.9515949821301788 0.09349184069287232
 
1.9514492879693421 0.093587939358194
 
1.9515900421670327 0.09348474053159686
 
1.951996378764357 0.09315451901884633
 
1.9522585019046426 0.09292400128147832
 
1.9531530040107976 0.09209184063650636
 
1.954252016459397 0.09096953375418895
 
1.9553007787271093 0.08980013270831388
 
1.9562932800128643 0.088582617904278
 
1.9572367385843867 0.08732671702280179
 
1.958296652727779 0.08594008217306409
 
1.9597933474606397 0.08423481407947304
 
1.9611690512041717 0.08265559590108164
 
1.9623223593410302 0.08134561325260069
 
1.963118112980555 0.0804185741476334
 
1.9640128310378238 0.07934664547247258
 
1.964834585784239 0.07821780951300883
 
1.9651125925718491 0.07777411152580273
 
1.9656827719226249 0.07669359273147071
 
1.9660575790662338 0.0759055171294081
 
1.9664874864324327 0.07495063369792554
 
1.9669049882923386 0.07399026142208294
 
1.967112282840541 0.07350944477501918
 
1.9673879810305868 0.07286805692070313
 
1.967733610469008 0.072066755578658
 
1.9680803902038817 0.07126595137977562
 
1.9682875799148631 0.07078508954777825
 
1.9682875799148631 0.07078508954777825
 
1.9682875799148631 0.07078508954777825
 
1.9683561495870625 0.07062459050717992
 
1.9683561495870625 0.07062459050717992
 
1.9684252493023826 0.07046431895224427
 
1.9684252493023826 0.07046431895224427
 
1.9684252493023826 0.07046431895224427
 
1.9684252493023826 0.07046431895224427
 
1.9684252493023826 0.07046431895224427
 
1.9684252493023826 0.07046431895224427
 
1.9684252493023826 0.07046431895224427
 
1.9684252493023826 0.07046431895224427
 
1.968494591476714 0.07030415214907486
 
1.968494591476714 0.07030415214907486
 
1.968494591476714 0.07030415214907486
 
1.968494591476714 0.07030415214907486
 
1.968494591476714 0.07030415214907486
 
1.968494591476714 0.07030415214907486
 
1.968494591476714 0.07030415214907486
 
1.968494591476714 0.07030415214907486
 
1.9686355061433287 0.06998479337802337
 
1.9687764208099434 0.06966543460697187
 
1.9687764208099434 0.06966543460697187
 
1.9687764208099434 0.06966543460697187
 
1.9687764208099434 0.06966543460697187
 
1.9687764208099434 0.06966543460697187
 
1.9687764208099434 0.06966543460697187
 
1.9687764208099434 0.06966543460697187
 
1.968845792107829 0.0695052804156172
 
1.9689151634057147 0.06934512622426292
 
1.9689151634057147 0.06934512622426292
 
1.9689151634057147 0.06934512622426292
 
1.9689151634057147 0.06934512622426292
 
1.9689151634057147 0.06934512622426292
 
1.9689151634057147 0.06934512622426292
 
1.9689151634057147 0.06934512622426292
 
1.9689151634057147 0.06934512622426292
 
1.9689151634057147 0.06934512622426292
 
1.9689771399949212 0.06918196788286107
 
1.9693712836657757 0.06821177538755036
 
1.9701908869759808 0.06628440898262601
 
1.9709196168223582 0.06450822667486149
 
1.9711247695307836 0.06384091847179116
 
1.9711435631449366 0.06366740034004194
 
1.9711582329717998 0.06331864288263855
 
1.9714566789566528 0.061776459010852436
 
1.972034350001069 0.059763305512141776
 
1.9726316930667789 0.058310521164029364
 
1.9733340515048923 0.05690549670705963
 
1.9740573563572623 0.05551113979765306
 
1.9745373014724066 0.05458040063028011
 
1.975018404287636 0.05365025935476846
 
1.9754176997765358 0.052874304032593945
 
1.97565476942861 0.05240744896099953
 
1.9758130446621989 0.052096328536811315
 
1.9760562741559544 0.05163265290538788
 
1.9761437227966328 0.05148160828541738
 
1.976422538765365 0.0510384183336039
 
1.9769435108609172 0.05013000720042257
 
1.9773950416941062 0.04918515662074787
 
