0.0 0.0
 
0.0004886667309106943 4.988307712501559e-06
 
0.0026792153051130954 0.0001989034968896653
 
0.006512883023769145 0.0009653729862709506
 
0.010466470156419945 0.0022396955164556485
 
0.014678415462258832 0.0041923928547674865
 
0.019663782756807902 0.007280466876335084
 
0.02413096245273854 0.0106904900606302
 
0.030924191446752763 0.017020267343647186
 
0.03716809500703392 0.023892509259326653
 
0.04141679242650554 0.0289396396961768
 
0.04562546560890401 0.03402019335228203
 
0.05020738407572978 0.03942555552065916
 
0.05371660484453044 0.04349772895832908
 
0.05760133143723203 0.047890790251345294
 
0.06168556359189173 0.05243333156989328
 
0.06498624498025142 0.0560371501119142
 
0.06864123383278657 0.05997901304693492
 
0.07215009709888878 0.06372304695122617
 
0.07533221242143602 0.0671035280158734
 
0.07852172472058766 0.0704770308612833
 
0.08171864747911436 0.07384351196630122
 
0.08611270451800243 0.07843185070609121
 
0.08915827265083504 0.08160500991646967
 
0.09203738552074633 0.08459924741685425
 
0.09525519892095077 0.08794576606701794
 
0.09830708624778892 0.09111284806318094
 
0.1010228252181608 0.09392518614741283
 
0.10491879439121647 0.09797554128687472
 
0.10881473431809383 0.10202592455754525
 
0.1123718747065382 0.1057241218959227
 
0.11525144617826627 0.1087179183595468
 
0.11796461113632664 0.11153273976872558
 
0.12084887951094547 0.11452201143078172
 
0.12373313071892957 0.11751129965636999
 
0.1267870248178887 0.1206764466448174
 
0.12933192359761816 0.1233140816486656
 
0.1325532354800207 0.12665723284338007
 
0.13610804906367327 0.13035766682903133
 
0.13966036185314637 0.13406050157317395
 
0.14270315660593708 0.13723632032091834
 
0.14557688885329567 0.14023572227745723
 
0.14794625424296523 0.14270316841643618
 
0.15014740176695152 0.14499338608964196
 
0.15268717325988768 0.14763595850610717
 
0.1565849891542222 0.15168453650424907
 
0.15912702744847496 0.15432492843029832
 
0.16166905029538192 0.15696533522819842
 
0.16488650510447314 0.16031219864128896
 
0.16793459772876823 0.16348293293792315
 
0.17064224211772575 0.1663030651188972
 
0.1731806423751673 0.16894695474322244
 
0.17571740859986365 0.1715924122336829
 
0.17808817471191812 0.17405851256425756
 
0.18062511937841466 0.17670379893282498
 
0.18299854766020446 0.17916733723975806
 
0.18536910859193953 0.18163363480239264
 
0.18757169679589555 0.18392246695368922
 
0.19028076847398803 0.1867412280819466
 
0.19231382271820877 0.18885409639211548
 
0.19434581050395555 0.19096799035696702
 
0.19671482295637785 0.19343577535546158
 
0.19925303210513573 0.19607984845009327
 
0.20128239349338167 0.19819626391307701
 
0.20348085377473088 0.2004890612884124
 
0.20534208489558584 0.20242816557710416
 
0.20754592637316946 0.20471579101731438
 
0.21043029618058523 0.20770496480625109
 
0.2128112846297703 0.21016119704351496
 
0.21451472259169058 0.21191299627222468
 
0.21621815175529954 0.21366480405631125
 
0.2182683508452214 0.21576104014696112
 
0.21980520987764257 0.21733398975549897
 
0.22236662167174367 0.21995559190564182
 
0.22458649697251828 0.22222766168054436
 
0.22612332485378975 0.2238006417248808
 
0.22765936045259713 0.22537439545266982
 
0.22936349712582985 0.2271255149879281
 
0.23107172332204798 0.22887264540388835
 
0.23210147425090275 0.2299161939358397
 
0.23380060515185047 0.23167217104538979
 
0.23548888132571927 0.23343858690485403
 
0.23698100647827822 0.23505403380451823
 
0.23899956562253533 0.23718075452835485
 
0.24001247114942828 0.2382406615561666
 
0.2416758750693427 0.24003051876472614
 
0.24363702463790432 0.24221029270387454
 
0.24528209832228615 0.24401701183001845
 
0.2469048941463205 0.24584376718893114
 
0.248703300226163 0.24784127621260213
 
0.2501929392741647 0.24945901588980682
 
0.25102511257607096 0.25035350622097274
 
0.25219379832620065 0.25160239345250135
 
0.25336576629872476 0.2528482011306802
 
0.2546969936441945 0.2542796181448581
 
0.25617688420407614 0.25590628039846425
 
0.25799203406305693 0.2578885865597581
 
0.2588170976902952 0.25878963892669543
 
0.2602802997182199 0.26043132890413045
 
0.2612498982836827 0.26153099209614306
 
0.26449810749006436 0.2644963860965607
 
0.2663462641346731 0.2660947660403813
 
0.26831130587468804 0.2679285920102216
 
0.2710755327560311 0.2706932860988467
 
0.27459600160826864 0.2744264095038668
 
0.2781280206458489 0.27814860681390485
 
0.2808555623758763 0.2809494994869962
 
0.2839423391091388 0.2840825864671364
 
0.28601241968188107 0.28615919150382857
 
0.28773747240722813 0.28788971007425546
 
0.2892900061282851 0.2894471904759026
 
0.2906700271186361 0.29083162645491895
 
0.29222117492242766 0.29239048714379606
 
0.2939411507915021 0.2941260517313643
 
0.29480113311794814 0.29499383958283243
 
0.29652108132656807 0.2967294315819741
 
0.2973816034996717 0.2975966841095299
 
0.2982425523685203 0.2984635130443164
 
0.2992762314191645 0.29950317074484784
 
0.3001371967732891 0.3003699833058736
 
0.30099760387159424 0.3012373500000354
 
0.30202942583214504 0.30227885081892125
 
0.30288874199020555 0.3031472983403357
 
0.30409090359841656 0.3043639959886343
 
0.30477743334093976 0.305059666270508
 
0.3058078606906676 0.3061025468921267
 
0.3064948085045257 0.3067978043476687
 
0.30683842819739987 0.30714528897147503
 
0.3075263180951175 0.3078396143397781
 
0.30821453041191554 0.3085336201289892
 
0.3089033695780956 0.3092270037396893
 
0.30959220523548187 0.3099203908361688
 
0.3101088293002789 0.3104404338191773
 
0.310797658131121 0.31113382769732434
 
0.31148648356045266 0.311827224954571
 
0.31217530586617626 0.31252062531481667
 
0.3128645247550094 0.3132136314848661
 
0.31355406818091613 0.3139063147402144
 
0.3138988383144048 0.3142526579401866
 
0.31458837586431204 0.3149453470448496
 
0.31510552654290597 0.31546486634587095
 
0.3156226746507891 0.31598438820586977
 
0.3163122016619764 0.31667708780114473
 
0.3171741056488563 0.3175429670504372
 
0.3178636244437328 0.31823567482429527
 
0.3187255171920061 0.3191015652604526
 
0.3194150264569368 0.3197942825202532
 
0.32010453170257486 0.32048700378071
 
0.3206219314350751 0.3210062750444175
 
0.32096686307533223 0.32135245739616625
 
0.3214842577847804 0.3218717336647736
 
0.3221741137780748 0.3225641056290869
 
0.3228643499959677 0.3232560985423164
 
0.32320946638728015 0.3236020967121963
 
0.32372713789918495 0.32412109703422515
 
0.32424480643915343 0.324640100320564
 
0.3247624725065089 0.32515910607314524
 
0.32528013539417777 0.3256781149971862
 
0.3257977951377325 0.326197127057168
 
0.3263154515249832 0.3267161424646873
 
0.3270056561461771 0.32740816689296537
 
0.3275233069945771 0.3279271878247732
 
0.32786840574827647 0.3282732035864199
 
0.3283860513978219 0.3287922297033065
 
0.3287313335792728 0.3291380624262888
 
0.3292492542430824 0.32965681411496334
 
0.32976717237035164 0.33017556833610257
 
0.33011244949193325 0.33052140611082514
 
0.3304577251277454 0.3308672453689022
 
0.3311482728036762 0.3315589274748712
 
0.3311482728036762 0.3315589274748712
 
0.33183949994493606 0.3322499305628793
 
0.33183949994493606 0.3322499305628793
 
0.33253132619197673 0.33294033383080096
 
0.33253132619197673 0.33294033383080096
 
0.3332231455949057 0.3336307439568725
 
0.3332231455949057 0.3336307439568725
 
0.3339156324718637 0.33432048459920993
 
0.3342618736530839 0.33466535718660995
 
0.33495435057611883 0.3353551078223583
 
0.33530058705238247 0.33569998513332167
 
0.3358199387617133 0.33621730411665673
 
0.3363392872688416 0.3367346263147571
 
0.33668551717406503 0.3370795102225314
 
0.33703174493716787 0.33742439628077314
 
0.3377241960741967 0.33811417280348083
 
0.33807041970655105 0.33845906300849116
 
0.33841682077110063 0.33880377500362885
 
0.33876322014826127 0.33914848869441505
 
0.3389365171489457 0.33932074769659487
 
0.3394564055821164 0.33983752728748357
 
0.33962970090693756 0.3400097879756087
 
0.3399764800308044 0.3403541196418302
 
0.3401500442400434 0.3405261094076578
 
0.3406707342891305 0.34104208130736313
 
0.3410178588572178 0.341386064724613
 
0.3415388563541602 0.34190172618010833
 
0.34188618621147737 0.34224550230977524
 
0.3422337093679022 0.34258908303225727
 
0.3425812307939086 0.3429326655050049
 
0.3429289523642186 0.34327604542092005
 
0.34327667220293523 0.34361942709031373
 
0.34362460076196705 0.3439625972739294
 
0.34379863722102916 0.34413410915455384
 
0.34414670854241763 0.344477134536034
 
0.3443207434758391 0.3446486479647421
 
0.34466898566332216 0.3449914998802534
 
0.34484310601410856 0.34516292659264164
 
0.34501713718938043 0.34533444383466616
 
0.3455395455952324 0.34584867586983986
 
0.3457137647097405 0.34602000220879037
 
0.3462364187765396 0.3465339845576722
 
0.34641063589375837 0.3467053129276119
 
0.34675906800669554 0.3470479718247486
 
0.34693318315710353 0.34721940381906885
 
0.3472812147605761 0.34756246949805325
 
0.3476294620798724 0.3479053162009917
 
0.34780358501610753 0.34807674028726615
 
0.34780358501610753 0.34807674028726615
 
0.3481518277385635 0.3484195916593929
 
0.3485000686023067 0.34876244491945063
 
0.3485000686023067 0.34876244491945063
 
0.34884807805779827 0.3491055330655607
 
0.34919608556502096 0.3494486231878746
 
0.34937008824439114 0.34962016933866275
 
0.3497180913420912 0.349963263933642
 
0.3500652642836707 0.3503071985288018
 
0.3504119565239092 0.35065161767413383
 
0.35092564135654214 0.35117456415440373
 
0.3504402599769046 0.35062524635494247
 
0.3496130727640731 0.349414815923673
 
0.348606104798524 0.34745979119930476
 
0.34801570963099865 0.3458544939539964
 
0.3475665710053129 0.34395202308464734
 
0.3473822232225648 0.3420059663514558
 
0.34742627039559626 0.3410295749980533
 
0.3474694461688205 0.3407890737155523
 
0.3474694461688205 0.3407890737155523
 
0.3464724484187035 0.34186395789548835
 
0.3423413346326943 0.3439823084428417
 
0.3356317415592144 0.34532025163386826
 
0.32342208592574906 0.34575250735410734
 
0.3077839380994194 0.34574407851390937
 
0.2889713365652141 0.34602166304272236
 
0.27334369267902403 0.3465947991957538
 
0.25675168589773373 0.34747870925452107
 
0.23993363490445377 0.3486656101627359
 
0.23043256146007665 0.3494010896809311
 
0.2187371755216572 0.3502833031745839
 
0.2114294007354422 0.3508585774781432
 
0.20558388330465377 0.3513276341811005
 
0.19876411022823676 0.35187483284729315
 
0.19316239879418504 0.3523273608163508
 
0.1868297598251515 0.3528355668178265
 
0.1783045043193903 0.35351281201144524
 
0.17075273668881757 0.3541021543357168
 
0.16296003347582608 0.35474380163377417
 
0.1573587894164487 0.35520207834107403
 
0.1490777371178973 0.35586778798818103
 
0.14079081735007629 0.3564559693099624
 
0.13372524133103686 0.35699407016215906
 
0.1278773591096822 0.3574326608020542
 
0.1220299730780894 0.357877817877449
 
0.11642599378689865 0.35830133724781077
 
0.11033328631953526 0.3587424150652144
 
0.10448406103182437 0.35916271467007116
 
0.09863434521830751 0.3595761310767761
 
0.09351603529983427 0.3599405688288571
 
0.08839716445337799 0.36029704120364
 
0.08157377499556519 0.3607971286971009
 
0.07596952634025482 0.3612170686483017
 
0.07109626477415194 0.36158220892220183
 
0.06451805939694027 0.3620843736601377
 
0.05940211863781222 0.3624806834452499
 
0.05355425277825124 0.3629194921881258
 
0.048193485414906485 0.3633187417175464
 
0.042589044211002056 0.3637361040842551
 
0.03796006736097478 0.3640911864357425
 
0.03357536716134177 0.3644359019495711
 
0.02919066528980729 0.364780596196545
 
0.024319400509046525 0.3651714736031562
 
0.020421101390391817 0.3654676958790119
 
0.015307641801627563 0.3658948285642027
 
0.009706871950821998 0.36635886480359847
 
0.005568812121365765 0.366721093977242
 
-1.8301897758712937e-05 0.3673278142509002
 
-0.008285511223331609 0.3681477206313836
 
-0.015358485265346986 0.36857778482302994
 
-0.020725835820410765 0.3688757360433708
 
-0.025848514142134675 0.36917251560604875
 
-0.03097490842946208 0.3693961065440169
 
-0.03659021579975085 0.36962474532101464
 
-0.04147161746237136 0.36985695970352356
 
-0.04537298698943594 0.3701095452702313
 
-0.04951017943911328 0.37048155032494245
 
-0.05314888137560349 0.37092140988204797
 
-0.057018934415804044 0.37147564189235666
 
-0.06112127022829567 0.37212801449137306
 
-0.06498015591870113 0.3727552982259007
 
-0.06956946612142942 0.373456541420208
 
-0.07514242209059172 0.3741818788030468
 
-0.07975299280981928 0.37472607343498354
 
-0.08484383171782528 0.3753689346248355
 
-0.08847244836713115 0.3758854318900492
 
-0.0918516008037931 0.3764178899713367
 
-0.09522492061690999 0.37698612956601324
 
-0.09858984029180297 0.3776021639644398
 
-0.10219179178992896 0.37828008255670714
 
-0.10628341530372591 0.3789965782983146
 
-0.11061826231911721 0.37974057156393537
 
-0.11470241899141263 0.38049847221873295
 
-0.11806389805094775 0.3811330124702802
 
-0.12238434153651051 0.38195653703833643
 
-0.12646318036075804 0.38274255419604286
 
-0.13055148433353123 0.38347775468067796
 
-0.13417340788195398 0.3840392687250026
 
-0.1375679518328222 0.3844626529053274
 
-0.14073103952900662 0.3847542410382512
 
-0.14438748772158616 0.3850072525549387
 
-0.14780389637682587 0.38518142114834497
 
-0.15171062029434565 0.3853297177683261
 
-0.15488514302521886 0.3854417572443294
 
-0.1580596663918639 0.3855537787049518
 
-0.16025703581285852 0.38564137884314886
 
-0.16294235787529202 0.3857569303410569
 
-0.1656270378463101 0.385886545852769
 
-0.16782316255699592 0.3860011862106198
 
-0.1705067922209774 0.38615098125146147
 
-0.172702267545797 0.38627744964530836
 
-0.17514154064144533 0.3864204468224346
 
-0.17709280164295363 0.38653749987791125
 
-0.17928783858239355 0.3866713617135034
 
-0.18172662153514826 0.3868224879427716
 
-0.18392138151193305 0.3869608165400955
 
-0.18587227986299612 0.3870837658695895
 
-0.18879873671039143 0.38726644694795787
 
-0.19074970859966947 0.3873882237973645
 
-0.193676275663421 0.38756913061709686
 
-0.19660348649506312 0.38773930347972524
 
-0.19928686670195003 0.3878935026786521
 
-0.2014822338467152 0.3880218352786398
 
-0.20416546126908086 0.38817867063028955
 
-0.20684889668064343 0.38833190613411595
 
-0.2097766311814643 0.38849281837343885
 
-0.21270472800515838 0.38864699699430477
 
-0.21563259911339366 0.3888054041583532
 
-0.21758456220944927 0.38891009888334305
 
-0.22051250813057482 0.38906711715942494
 
-0.22319636665125483 0.3892127542722615
 
-0.2251481568310082 0.38932062460193023
 
-0.22734399336142683 0.38944065829809105
 
-0.2292958486486827 0.3895473440582233
 
-0.23100367829170382 0.3896414908056435
 
-0.23271150836841525 0.3897356296855565
 
-0.23466318886700585 0.3898454665884011
 
-0.23637086607304947 0.3899423389765712
 
-0.23783455989392288 0.39002589083323835
 
-0.23954225331917883 0.3901224768827955
 
-0.24173778148536096 0.3902480245949807
 
-0.2436893626322982 0.39035961285925036
 
-0.2456410072941638 0.39047008470008276
 
-0.2473487508169352 0.3905657808863344
 
-0.24930039328664494 0.39067629144795546
 
-0.25125203639891 0.3907867906613183
 
-0.2527158829979679 0.3908676216482037
 
-0.2546678953880288 0.3909713932380247
 
-0.25662002150043306 0.3910730030558282
 
-0.2580834572475769 0.39116095945409274
 
-0.2595457784243594 0.39126582741845306
 
-0.2610073174425455 0.3913810845758607
 
-0.26246049533114424 0.39157513234859714
 
-0.2634124184740466 0.39179676844326095
 
-0.26479372573282167 0.3922880634369972
 
-0.26611523068729454 0.3929228903183739
 
-0.26809883797792167 0.3943497061945092
 
-0.26989156877113135 0.3963523102569083
 
-0.2714948217175927 0.39850959714495227
 
-0.272184737833365 0.3992019092000605
 
-0.2726157122478138 0.3994323025836533
 
-0.2743029258637543 0.3997131155353081
 
-0.2772216895355668 0.3994332214764802
 
-0.2813158054029165 0.39873110724708977
 
-0.2856620504123885 0.3980568825488077
 
-0.28906191992465397 0.3976786364674067
 
-0.29076719424776576 0.3975460273328503
 
-0.29296625900646583 0.3975311833584345
 
-0.29492088517657583 0.3975547937147551
 
-0.2966305965293808 0.397604117032986
 
-0.29809551368490844 0.3976624114705913
 
-0.29956028685973707 0.39772421810711206
 
-0.30126812391766145 0.3978182302510711
 
-0.3024890099222412 0.39786364743697505
 
-0.3041978117922255 0.39778920370809406
 
-0.3058846778645306 0.3975063105237679
 
-0.30750239862560036 0.3969508600409745
 
-0.30860828919822203 0.39643159960695207
 
-0.30985209578533207 0.395655503164571
 
-0.3109894790304868 0.3947304410760294
 
-0.31186312358721047 0.3938764091413441
 
-0.3121939162411226 0.39351669220091673
 
-0.3130208920792959 0.3926173945193717
 
-0.3131942586088326 0.39244520549325623
 
-0.3128253588339789 0.39276572540406635
 
-0.3130186945129199 0.39261630542706655
 
-0.3124122135429075 0.39302804073222797
 
-0.3124122135429075 0.39302804073222797
 
-0.31241221354290727 0.3930280407322281
 
-0.3124122135429075 0.393028040732228
 
-0.31217865840069553 0.393099853055854
 
-0.31217865840069553 0.393099853055854
 
-0.3129060317024809 0.39300889587717197
 
-0.31363836164522124 0.3929766781263274
 
-0.31437118480644016 0.3929944360227401
 
-0.31558848925103117 0.3930983361966267
 
-0.3165580568689477 0.3932217009514759
 
-0.317765756725904 0.3934063260106173
 
-0.31873059562010786 0.3935624225726615
 
-0.3204190650514487 0.39383558310981714
 
-0.32210906249902127 0.39409912499800653
 
-0.3233188772012465 0.39426934175168943
 
-0.3245308632816464 0.39442333882267344
 
-0.32598764188619855 0.3945881921251394
 
-0.327445931130597 0.39473909936051055
 
-0.3284189630783983 0.39483123543927084
 
-0.32963540127494145 0.39494482888514265
 
-0.33012070916093156 0.39500224241062776
 
-0.331554267353118 0.3953093114967153
 
-0.3320210068033906 0.3954541367109284
 
-0.3324602283830803 0.3956683899747254
 
-0.3330720595023681 0.39607213223158605
 
-0.33379630247282316 0.3967284494934326
 
-0.33396267826317216 0.3969074023102974
 
-0.33396267826317216 0.3969074023102974
 
-0.33444780845688143 0.39745694195732495
 
-0.33461865656898704 0.39763163007045277
 
-0.3353635815539252 0.398264375671201
 
-0.3353635815539252 0.398264375671201
 
-0.33428058039136954 0.39769892555062597
 
-0.33615377543455405 0.398257728954332
 
-0.3366355994097555 0.3983393727785557
 
-0.33687943135714316 0.3983552156227247
 
-0.33785647572041105 0.39832943693660977
 
-0.3388310070732119 0.3982548120690453
 
-0.33980472318224364 0.39817021202493535
 
-0.3410225725731653 0.39807290725636596
 
-0.34199692569998624 0.39799599033556726
 
-0.3429718086496522 0.39792610855752797
 
-0.343947508225455 0.39786874510026543
 
-0.34492414647633984 0.3978305619186284
 
-0.3456571646992817 0.39782513851206774
 
-0.34639013512690486 0.3978351125149674
 
-0.34785568260210503 0.3978744966735669
 
-0.34883253800414 0.39790664868698516
 
-0.3498092094161455 0.3979439740325574
 
-0.35078567769097513 0.39798628167610084
 
-0.3512738485739629 0.3980088481582329
 
-0.3520060570457072 0.3980437176636742
 
-0.35273878064437025 0.3980651945457998
 
-0.3537147965419422 0.3980134915851678
 
-0.35419434187490917 0.39791938350505646
 
-0.35489002808180264 0.39768837305065585
 
-0.3555518053589559 0.39737310179610275
 
-0.3561706271168495 0.39698015808453446
 
-0.35749162258179595 0.39589364223963314
 
-0.3583383153186089 0.3950128830407695
 
-0.35983671636593473 0.39308278052297574
 
-0.36149630133763017 0.3903742892206571
 
-0.36300002993841834 0.3873016709408021
 
-0.365041827485409 0.3815443541438058
 
-0.36724787827861965 0.3715217304810859
 
-0.3681310574114707 0.36572431011996537
 
-0.36866753980168315 0.35890368567354586
 
-0.36889666669106036 0.3501102108556423
 
-0.36888348775560126 0.3410694149358954
 
-0.36882045552830356 0.33227318134174466
 
-0.3687440253673883 0.32323269888905737
 
-0.36868541487506007 0.31516949075834777
 
-0.3686666695899378 0.30930521443142334
 
-0.36871568256657117 0.3019749954320689
 
-0.3687965992582906 0.29611124742305267
 
-0.3689263002710311 0.2895151779073411
 
-0.3691044326540917 0.28267580658767955
 
-0.3692843286031755 0.2763253556509693
 
-0.3694950542673957 0.26997585296599486
 
-0.3697250837367264 0.26362702030988394
 
-0.36996692416303906 0.2572786265870386
 
-0.37021826859435575 0.2509306020416462
 
-0.3704599173350217 0.24482673115424963
 
-0.37073409875718233 0.23823508644624636
 
-0.37109497173336303 0.22969059037065187
 
-0.3713795290577997 0.2230993854324096
 
-0.3716193421689603 0.21748454418577753
 
-0.3720287738778768 0.20771927980016816
 
-0.3722714582602702 0.201859997206302
 
-0.37258606600715305 0.19404725398855383
 
-0.37290483725709556 0.18599013630049901
 
-0.37311732621932037 0.18061872351133648
 
-0.37338056057031305 0.17378209869564237
 
-0.3736813508015958 0.16596881130443286
 
-0.37386521710706827 0.16108534953095813
 
-0.37408895378577517 0.15522531283117186
 
-0.37429401888810776 0.14985361149784587
 
-0.37451770070118157 0.1439935727035427
 
-0.37470626400980095 0.1391102900381708
 
-0.3749205516734296 0.1337389487058905
 
-0.3751454382720206 0.12836804068876526
 
-0.37534766450872686 0.12372987136201435
 
-0.3755734012731276 0.11860357111623462
 
-0.37582610841030756 0.11298929541442024
 
-0.37603855945768827 0.10835158318672691
 
-0.376324690553765 0.101760446380025
 
-0.37649433075734906 0.09516528318188247
 
-0.3762433259440285 0.088572715245752
 
-0.3752169875309326 0.08205569254588288
 
-0.37350293366463255 0.07593829040155069
 
-0.3711298200102696 0.07030943923036587
 
-0.3681921693503195 0.06467642953286351
 
-0.36543219013563677 0.05978087366169991
 
-0.36269214354930046 0.055156009164727814
 
-0.360414042242033 0.051110794140992524
 
-0.3590476976998271 0.048516449397508404
 
-0.35714941030407427 0.04427970358054518
 
-0.3555744233677621 0.03863085375295312
 
-0.3548714958116768 0.03330139601679088
 
-0.3548141626546545 0.02621559119891237
 
-0.3556018381739451 0.017699828768742217
 
-0.35732475702362954 0.007830903820246307
 
-0.35898645481378094 -0.0013043466455002952
 
-0.36135490279463484 -0.018983670027646296
 
-0.36234141120100194 -0.032876416068440856
 
-0.36292235706709347 -0.04238818922689066
 
-0.363335519159803 -0.048972583845529
 
-0.36354153880060575 -0.052142395089218356
 
-0.363812746060404 -0.05604251435373461
 
-0.3640858390481478 -0.059697517559292576
 
-0.3643634494163059 -0.06310707988927212
 
-0.36461574725055856 -0.06602835835235848
 
-0.36497548743231883 -0.06943023574582126
 
-0.3654200620996603 -0.07282206949228999
 
-0.3660282287145629 -0.07643645209255683
 
-0.3666736101228955 -0.07979586657075159
 
-0.3673793302380694 -0.08339247432412598
 
-0.36814526337849485 -0.08772349857371567
 
-0.3691208464338659 -0.09300984557450165
 
-0.369850207626442 -0.096601733721891
 
-0.37085728283373665 -0.10113376524001638
 
-0.371600803561222 -0.1044728309366338
 
-0.37241848804153066 -0.10904283118226746
 
-0.37299403639992246 -0.11340324041917246
 
-0.3734981301046743 -0.11850968740641446
 
-0.37382871370617876 -0.12289547571737433
 
-0.37422161409298227 -0.1277665777484682
 
-0.3745902590816772 -0.13141318289365514
 
-0.37496480510777286 -0.13481346201056038
 
-0.37534566376295364 -0.13796704633602083
 
-0.3758070270134541 -0.1408626751118044
 
-0.3770153879539012 -0.1450916570772114
 
-0.3782659293570269 -0.14853691097375693
 
-0.379504615581035 -0.15146194154649775
 
-0.380689031133844 -0.15387471309099282
 
-0.3822521127359716 -0.15664002018390422
 
-0.383513563563992 -0.15873268433189963
 
-0.3852085639280454 -0.16141915435385684
 
-0.38691271431410257 -0.16409982943202575
 
-0.3889590112214918 -0.16743106833399984
 
-0.39086480170224036 -0.1711219641290459
 
-0.3922350338027877 -0.1742563933895582
 
-0.39340081756551737 -0.1774724672408685
 
-0.3942024890994467 -0.18029290068410878
 
-0.39483427982284425 -0.18340593584209236
 
-0.3952081573370289 -0.1865603554428118
 
-0.39537736888053343 -0.19022163877876636
 
-0.3953806905845698 -0.19388682870275045
 
-0.3952424008217119 -0.19803840973506684
 
-0.3950949991376104 -0.2014560778789992
 
-0.39496031501444573 -0.2048742708205247
 
-0.394873321979853 -0.20756066969999015
 
-0.39482572925804926 -0.21073681238347344
 
-0.3948157445136184 -0.2129359045737678
 
-0.3948324044439277 -0.21537930873078764
 
-0.3948733771582802 -0.21782242613781036
 
-0.3949381025962326 -0.22026502967614844
 
-0.3950107240583113 -0.22246294511578177
 
-0.39507895581509866 -0.2244165226906866
 
-0.3951526715820743 -0.22636990102053048
 
-0.3952374725737221 -0.22856738024645015
 
-0.3953172161502647 -0.23076504881075488
 
-0.39540048039957937 -0.23320709068029888
 
-0.39548565740018365 -0.23589354775351426
 
-0.3955587697349503 -0.2383359146412539
 
-0.39563746957422924 -0.2410225692641927
 
-0.3957297903681495 -0.244442168607615
 
-0.3958023112404328 -0.24712899711921454
 
-0.3958790507832891 -0.25006014588695485
 
-0.3959941156281068 -0.2544568702025811
 
-0.3960388553209222 -0.25616670763915755
 
-0.39610145234559724 -0.2586093666494009
 
-0.396168013456543 -0.26154076421277705
 
-0.3962179206193103 -0.2637393126956715
 
-0.39625749841018826 -0.26544927740235497
 
-0.3962970690546268 -0.26715924227442966
 
-0.3963422829185935 -0.2691134880676475
 
-0.3963756061384314 -0.27057918587996554
 
-0.39641642209668715 -0.2722891214802686
 
-0.3964585650781178 -0.27399902488945516
 
-0.3964952865846334 -0.2754646414985905
 
-0.39653200234982505 -0.2769302582515658
 
-0.3965631536490298 -0.27815159152038005
 
-0.3966079845612943 -0.27986142656766905
 
-0.39665429590908485 -0.2815712221574097
 
-0.3966939843719092 -0.2830367614233232
 
-0.39674581147329513 -0.28499084301459987
 
-0.3967976267399748 -0.2869449249197263
 
-0.396851269903821 -0.2888989575000017
 
-0.39687808754069714 -0.28987597389843284
 
-0.3969562946209061 -0.29280708387737675
 
-0.397051180761489 -0.2962266129997637
 
-0.3971189356821781 -0.29866913438115245
 
-0.39721763039235125 -0.3025774259528502
 
-0.3973763631449392 -0.30843958358784235
 
-0.3974490878409931 -0.3111264065902459
 
-0.3975287410028501 -0.31430190698968247
 
-0.3976267172249943 -0.3182102166390205
 
-0.3977001547200695 -0.32089702025335093
 
-0.39776689123914366 -0.3233395696724708
 
-0.39780867281224 -0.32480505075872373
 
-0.39784399338567766 -0.32602627056451083
 
-0.3978726649925082 -0.32700323431379386
 
-0.3978944279921767 -0.32773594947014634
 
-0.397923441520527 -0.3287129031249448
 
-0.39796695375981583 -0.330178333846285
 
-0.39800378588629504 -0.33139950899810133
 
-0.39804689600718557 -0.3328649516041055
 
-0.39808802957084216 -0.33433045102203574
 
-0.39813990042944103 -0.33628453145227233
 
-0.3981715105974047 -0.3375058529309322
 
-0.3981967936350296 -0.33848291024576066
 
-0.3982225284470482 -0.33945995576563254
 
-0.39824912722895967 -0.3404369781467744
 
-0.39826971658334087 -0.3411697272218263
 
-0.39829716471485477 -0.34214672611052976
 
-0.39832507947308604 -0.34312371177814455
 
-0.39835340034810784 -0.3441006857575772
 
-0.3983749175252564 -0.34483340817404295
 
-0.39839704617175137 -0.3455661123786905
 
-0.3984269531547431 -0.34654303909079315
 
-0.39844938001044033 -0.34727573422838226
 
-0.3984718033189753 -0.3480084294745373
 
-0.3985016958587561 -0.3489853566286881
 
-0.3985310899632669 -0.3499622989069577
 
-0.39856047932790883 -0.35093924132782867
 
-0.39860350066750116 -0.35240468654289264
 
-0.3986204906068806 -0.3546037357689205
 
-0.3985922787132766 -0.3555807129014628
 
-0.39853894054516714 -0.35606648558177284
 
-0.39837517382559823 -0.3567809963165176
 
-0.3982923862221708 -0.35701089026379973
 
-0.397738456469708 -0.3580998288232652
 
-0.3971821750601936 -0.35890346507299514
 
-0.3965391071045831 -0.3596394975674669
 
-0.39508908263782333 -0.3609504323330454
 
-0.3926977889746361 -0.36264726369545597
 
-0.39036129902187533 -0.363975842420376
 
-0.38424247625516966 -0.36644261427007024
 
-0.37353571525403795 -0.3689461962595402
 
-0.3591570619454116 -0.3699890211406793
 
-0.3405869324294716 -0.36990869535361165
 
-0.3190891339570034 -0.3694611560732131
 
-0.30247393869938577 -0.3693549836964313
 
-0.28830261041196126 -0.36950031986497767
 
-0.27242561865017 -0.3699184321960367
 
-0.2582630840222167 -0.37043831770638325
 
-0.24508104038004797 -0.37101585303101137
 
-0.23580451707593833 -0.3714160479910146
 
-0.22530705401631185 -0.3718608408778416
 
-0.21944762233627177 -0.37209989863483917
 
-0.21261161725125838 -0.37237876360535554
 
-0.20577602452888485 -0.372667559948705
 
-0.20016149488469295 -0.3729145608144028
 
-0.19405898662814938 -0.373188471206119
 
-0.18624777396955042 -0.3735390299358856
 
-0.18112166477646024 -0.3737690643620042
 
-0.1737979404942714 -0.3740814351174422
 
-0.16745071138377085 -0.3743521236300767
 
-0.15939439791857388 -0.37469061129519576
 
-0.15280257758565474 -0.3749605374097519
 
-0.1457223016807218 -0.37524621225638133
 
-0.1383978765559815 -0.375541693968915
 
-0.1335151011887992 -0.3757429659861483
 
-0.12814433998261898 -0.3759713318698276
 
-0.12228520814862173 -0.37621762920250357
 
-0.11496147564035045 -0.3765298070326887
 
-0.10983486200287777 -0.37674831082846155
 
-0.10373174913350149 -0.37700840163476984
 
-0.09714054499271513 -0.37729297743008744
 
-0.09274655801794379 -0.3774861175131349
 
-0.08688765604767121 -0.3777378235459869
 
-0.07712144123394332 -0.37812392075813767
 
-0.07052877904448906 -0.37837243768823686
 
-0.06369226416429977 -0.37863851190168174
 
-0.057832277780805984 -0.378863562583752
 
-0.05148381890020601 -0.3791036864963369
 
-0.044891187094917115 -0.3793530081534368
 
-0.04025216293595002 -0.3795345708339274
 
-0.035369662563872147 -0.37974240689416333
 
-0.029022565672164408 -0.38001617814783634
 
-0.02072200693990996 -0.38036218571709185
 
-0.014863443573944155 -0.3806216534630872
 
-0.010469926089847165 -0.38082519398255693
 
-0.006076682501268534 -0.381034563028857
 
-0.0014391537453809196 -0.38125098205007
 
0.003930976607252723 -0.38149373069860704
 
0.01003357374877697 -0.38176565357762365
 
0.015159405265301977 -0.38200179455434496
 
0.019308976124142153 -0.38219103200797827
 
0.024923383443525213 -0.38244079790882957
 
0.03297884048006221 -0.3827990889657351
 
0.03981400688885903 -0.38309780514902525
 
0.04518449609685667 -0.38333248062160236
 
0.04982253145674442 -0.383537756423533
 
0.052995875628675464 -0.3836792985709211
 
0.05714563422986091 -0.3838643733619768
 
0.061295393669784454 -0.38404942934583663
 
0.06544524986307208 -0.38423230280326803
 
0.070083592393984 -0.3844305166281163
 
0.07496647693902962 -0.38462912234564195
 
0.08009397212066538 -0.38482585683419296
 
0.08497719233982785 -0.38501603044551214
 
0.08912769151671016 -0.38518367801959613
 
0.09230155241585807 -0.38531311683091624
 
0.09547535683944741 -0.3854439330906772
 
0.09962585923872432 -0.38561150086798995
 
0.10402050992265817 -0.38578889870433386
 
0.10768258039187613 -0.3859401206970266
 
0.1106121888665757 -0.3860622527609189
 
0.11378582511306348 -0.3861970874300113
 
0.11744764009503834 -0.3863543745889908
 
0.12086521175751844 -0.3865039965470687
 
0.123794465355145 -0.38663436301842513
 
0.12745588138639913 -0.3868006785578994
 
0.13062897205250765 -0.3869477942867258
 
0.1338020038081822 -0.3870961751833873
 
0.13697489694986825 -0.38724749115894025
 
0.14039155843754422 -0.38741662742695465
 
0.1435639589647382 -0.3875779417414851
 
0.14649221225369874 -0.3877291195564952
 
0.15015261945713324 -0.3879163288448342
 
0.1547892916432843 -0.38815038266899554
 
0.15893789443942133 -0.388359772177522
 
0.1628422392143664 -0.3885612058727595
 
0.16577049843949643 -0.3887122686626863
 
0.16967519872423062 -0.3889066891904563
 
0.1733362738175475 -0.389080347975685
 
0.17772956533458809 -0.3892887088943694
 
0.18090279328824355 -0.3894328330323737
 
0.18432020609369704 -0.38958604045923495
 
0.1882255923168872 -0.3897661573738614
 
0.19091043523922985 -0.38989235250057513
 
0.19359511099884544 -0.39002205521217725
 
0.19603582685505774 -0.3901378461317372
 
0.198964616309483 -0.39027825406494204
 
0.2016493405843853 -0.39040694864684045
 
0.20408995031739854 -0.3905249552523419
 
0.20653056051796792 -0.3906429521874526
 
0.20994741574983783 -0.39080812822376626
 
0.21238808323341704 -0.3909249343127249
 
0.2158051166111284 -0.39108638304803284
 
0.21946622501537438 -0.3912593381432306
 
0.2223949193274597 -0.3914017168018094
 
0.22459139132924 -0.3915094985346269
 
0.2267877731113223 -0.3916191033879542
 
0.2289841035432444 -0.3917297324544104
 
0.2314244196728792 -0.39185366233484764
 
0.2336207046623535 -0.39196518991681695
 
0.23679322252108154 -0.39212418000791577
 
0.24045382116147823 -0.39230760794068836
 
0.24655559573489558 -0.39259740265952364
 
0.2507051536068591 -0.3927869246730901
 
0.25387854931273685 -0.392927306676682
 
0.2572962515404443 -0.3930739159576048
 
0.2599815896892716 -0.393189093013099
 
0.26388767492776327 -0.39335335428320145
 
0.2663288522146196 -0.3934589709578005
 
0.26828175934618625 -0.39354426251237384
 
