0.0 0.0
 
0.0 0.0
 
0.00017452961384710749 1.0751135058267512e-06
 
0.00034902574741926866 4.6585960350595285e-06
 
0.0006978532068361875 1.755710259284456e-05
 
0.0012205239713234798 4.8717169317861836e-05
 
0.00174235767933899 9.1673647139272e-05
 
0.0024362022489330536 0.0001689237921460159
 
0.0033006217205723463 0.00028860055061488465
 
0.004332648060417729 0.00046620782833033385
 
0.005187704263400944 0.000640628123040263
 
0.006376695400291425 0.000921564830059405
 
0.007556471159781458 0.0012389833460199247
 
0.0088921429005344 0.001645840185201655
 
0.010049338343600916 0.0020376616541144203
 
0.011683196489193259 0.0026514057033308986
 
0.01313840217135323 0.0032428256242683557
 
0.014893883243869798 0.004020100983105406
 
0.01646880582617603 0.004772293151111001
 
0.018331988113508564 0.00572887174646996
 
0.01986452900141673 0.006564031985440141
 
0.022271378762376316 0.007980111140963777
 
0.023899514226628216 0.008997483093331454
 
0.025647778732623895 0.010150766259775972
 
0.027226069764823668 0.011243866528322698
 
0.02906167109815973 0.012577508961454691
 
0.03073043933012056 0.013843093187386324
 
0.03223844462004799 0.015031281230151464
 
0.03372423600484708 0.016247132676782988
 
0.03545331883053451 0.017716250431188036
 
0.03689837095882771 0.01898025008543422
 
0.038457684142166056 0.02037847511782201
 
0.0399996533330533 0.02179580424660018
 
0.041654268384653234 0.023348312998721848
 
0.04328639861900448 0.024924442845058088
 
0.04465919048980587 0.026266572965009508
 
0.046265211192174305 0.027869299360237153
 
0.047741603805166385 0.029354814657105894
 
0.049331085537696676 0.030973944737225416
 
0.05079214935576975 0.032474539074295344
 
0.05224703844469551 0.03398112082908111
 
0.053695728268339016 0.0354936645936712
 
0.05537860541624258 0.03726522490392977
 
0.05682107154301706 0.038783705169865686
 
0.058140471263189435 0.04017835751286311
 
0.05945700452452844 0.041575716075010746
 
0.06113259231168717 0.043354172426834994
 
0.062446253563482414 0.04475423131665031
 
0.06387933856544087 0.04628156828735793
 
0.06519012226909085 0.04768432160197345
 
0.0667426310212125 0.049338936653573376
 
0.06829173903461702 0.050996736025391724
 
0.06972168489314426 0.05252701236860864
 
0.07103534614493952 0.05392707125842397
 
0.072468431146898 0.055454408229131606
 
0.07390151614885643 0.05698174519983921
 
0.07545062416226096 0.05863954457165757
 
0.07676428541405621 0.060039603461472885
 
0.07819737041601466 0.06156694043218051
 
0.07975327336123347 0.06321836418744589
 
0.08095012178063256 0.06448869015303464
 
0.08238633988391146 0.06601308131174113
 
0.08370573960408384 0.06740773365473857
 
0.08514508475336277 0.0689291725743721
 
0.08658442990264174 0.0704506114940057
 
0.08790096316398073 0.07184797005615332
 
0.08922036288415311 0.07324262239915075
 
0.09065970803343207 0.07476406131878433
 
0.092099053182711 0.07628550023841786
 
0.0932985074737768 0.07755336600477916
 
0.09462076808998676 0.07894530624855378
 
0.09594016781015913 0.08033995859155121
 
0.09726242842636906 0.0817318988353258
 
0.09870489455314353 0.0832503791012617
 
0.09990694965878893 0.08451577932287498
 
0.10123206559617866 0.08590500159878872
 
0.1025543262123886 0.08729694184256331
 
0.1038794421497783 0.08868616411847705
 
0.10508409300195079 0.08994909346021683
 
0.10652967402455774 0.09146460867030454
 
0.10785763969623094 0.09285110712117878
 
0.10906488121593386 0.09411156025833718
 
0.11038999715332357 0.09550078253425091
 
0.11147651452105618 0.09663519035769347
 
0.11292520434469971 0.09814773412228359
 
0.11413244586440262 0.09940818725944198
 
0.11533968738410554 0.10066864039660038
 
0.11654692890380848 0.10192909353375881
 
0.117995618727452 0.1034416372983489
 
0.1192028602471549 0.1047020904355073
 
0.12041010176685782 0.1059625435726657
 
0.12161734328656076 0.10722299670982413
 
0.12294245922395046 0.10861221898573785
 
0.12427042489562369 0.1099987174366121
 
0.12547766641532662 0.11125917057377051
 
0.12668490793502954 0.1125196237109289
 
0.12789214945473246 0.1137800768480873
 
0.12909939097443537 0.11504052998524571
 
0.1303066324941383 0.11630098312240411
 
0.1315138740138412 0.11756143625956252
 
0.13272111553354413 0.11882188939672092
 
0.13392835705324702 0.12008234253387931
 
0.13513559857294993 0.12134279567103771
 
0.13658428839659345 0.1228553394356278
 
0.13767313278417614 0.12398751389210615
 
0.13900109845584935 0.12537401234298037
 
0.1399668916716117 0.1263823748527071
 
0.14117413319131464 0.1276428279898655
 
0.14238137471101756 0.12890328112702393
 
0.14358861623072047 0.13016373426418232
 
0.1447958577504234 0.13142418740134074
 
0.14576165096618574 0.13243254991106745
 
0.14696889248588865 0.13369300304822587
 
0.1481761340055916 0.1349534561853843
 
0.1493833755252945 0.13621390932254265
 
0.15046756129224972 0.13735054573010844
 
0.15143128197398772 0.13836088920350026
 
0.15251779934172036 0.13949529702694283
 
0.15372504086142325 0.1407557501641012
 
0.15480922662837848 0.14189238657166697
 
0.1558957439961111 0.14302679439510954
 
0.15686153721187346 0.14403515690483626
 
0.1580687787315764 0.14529561004199468
 
0.1592760202512793 0.14655606317915304
 
0.16024181346704164 0.14756442568887976
 
0.16132599923399688 0.14870106209644554
 
0.16241251660172953 0.14983546991988814
 
0.16349670236868472 0.1509721063274539
 
0.16458321973641735 0.15210651415089646
 
0.1655490129521797 0.15311487666062318
 
0.16675625447188264 0.1543753297977816
 
0.16784044023883785 0.15551196620534738
 
0.16880416092057582 0.15652230967873917
 
0.1697678816023138 0.15753265315213097
 
0.17073160228405176 0.15854299662552276
 
0.1718181196517844 0.15967740444896533
 
0.17302536117148734 0.16093785758612375
 
0.17399115438724969 0.16194622009585047
 
0.1751983959069526 0.16320667323300886
 
0.17628724029453527 0.16433884768948717
 
0.1773737576622679 0.16547325551292974
 
0.17833955087803025 0.16648161802265649
 
0.1793053440937926 0.1674899805323832
 
0.18027113730955494 0.16849834304210995
 
0.18123693052531725 0.16950670555183664
 
0.18244417204502017 0.17076715868899506
 
0.18340996526078251 0.1717755211987218
 
0.18449415102773775 0.1729121576062876
 
0.1854578717094757 0.17392250107967938
 
0.18642159239121364 0.17493284455307118
 
0.18774955806288685 0.17631934300394542
 
0.18895679958258982 0.17757979614110386
 
0.1904054894062333 0.17909233990569393
 
0.1918541792298768 0.180604883670284
 
0.19318498903692233 0.18198865245042423
 
0.19451295470859553 0.18337515090129847
 
0.19547874792435785 0.18438351341102516
 
0.1964445411401202 0.1853918759207519
 
0.1974103343558825 0.1864002384304786
 
0.19825358995240328 0.18728428896969646
 
0.19921731063414128 0.18829463244308828
 
0.20018103131587922 0.18930497591648007
 
0.20114475199761722 0.1903153193898719
 
0.20210847267935517 0.1913256628632637
 
0.2030721933610931 0.19233600633665549
 
0.20391726242488517 0.19321832353266638
 
0.2048830556406475 0.19422668604239307
 
0.20584884885640983 0.19523504855211982
 
0.20657319376823158 0.19599132043441486
 
0.20753898698399392 0.1969996829441416
 
0.20850478019975624 0.1980080454538683
 
0.20947057341551859 0.19901640796359504
 
0.2103138290120393 0.19990045850281285
 
0.21115889807583135 0.20078277569882375
 
0.21200215367235212 0.2016668262380416
 
0.21296587435409006 0.2026771697114334
 
0.2138109434178821 0.20355948690744427
 
0.2146541990144028 0.20444353744666208
 
0.2156179196961408 0.2054538809200539
 
0.21646298875993286 0.2063361981160648
 
0.21730624435645354 0.20722024865528257
 
0.21826996503819154 0.2082305921286744
 
0.21899275554949502 0.20898834973371824
 
0.21995647623123302 0.20999869320711007
 
0.2207979148051848 0.21088447336223934
 
0.22188210057214003 0.21202110976980512
 
0.2226048910834435 0.21277886737484897
 
0.22344632965739528 0.21366464752997824
 
0.22440797374191157 0.21467696770726882
 
0.22525122933843233 0.21556101824648669
 
0.2259740198497358 0.21631877585153053
 
0.2268154584236876 0.21720455600665983
 
0.22765871402020837 0.2180886065458777
 
0.22838150453151185 0.21884636415092154
 
0.2293452252132498 0.21985670762431334
 
0.23006801572455327 0.22061446522935718
 
0.23091308478834532 0.2214967824253681
 
0.23199727055530056 0.2226334188329339
 
0.23272006106660403 0.22339117643797773
 
0.2334428515779075 0.22414893404302158
 
0.23428792064169954 0.22503125123903245
 
0.2351311762382203 0.2259153017782503
 
0.23585396674952377 0.22667305938329416
 
0.23657675726082725 0.227430816988338
 
0.23729954777213075 0.2281885745933819
 
0.23814098634608247 0.22907435474851115
 
0.23898424194260323 0.229958405287729
 
0.2397070324539067 0.23071616289277286
 
0.24042982296521015 0.23147392049781668
 
0.24115261347651365 0.23223167810286058
 
0.24199405205046545 0.23311745825798988
 
0.24259637747655166 0.2337489229288597
 
0.24343781605050346 0.234634703083989
 
0.2441590491138907 0.23539394321695697
 
0.24500230471041146 0.23627799375617484
 
0.2457250952217149 0.23703575136121866
 
0.2464478857330184 0.23779350896626256
 
0.24717067624432187 0.2385512665713064
 
0.24789346675562535 0.23930902417635025
 
0.24873490532957712 0.24019480433147952
 
0.24933723075566339 0.24082626900234944
 
0.2501786693296152 0.24171204915747874
 
0.25102192492613584 0.24259609969669652
 
0.25174471543743937 0.24335385730174042
 
0.25246750594874284 0.24411161490678426
 
0.2531902964600463 0.2448693725118281
 
0.253791324012869 0.24550207262263474
 
0.2546345796093898 0.2463861231618526
 
0.2553573701206932 0.24714388076689642
 
0.256198808694645 0.24802966092202572
 
0.2568011341207312 0.24866112559289555
 
0.257642572694683 0.24954690574802485
 
0.2583638057580703 0.25030614588099287
 
0.2589661311841565 0.25093761055186276
 
0.25968892169545993 0.2516953681569066
 
0.26041171220676346 0.25245312576195045
 
0.26113450271806693 0.2532108833669943
 
0.2618572932293704 0.2539686409720382
 
0.26233915357023935 0.2544738127087341
 
0.2630619440815429 0.25523157031377797
 
0.26378473459284635 0.25598932791882184
 
0.2645075251041498 0.2567470855238657
 
0.2652303156154533 0.2575048431289096
 
0.26571217595632235 0.25801001486560554
 
0.2664349664676258 0.2587677724706494
 
0.2671577569789293 0.2595255300756933
 
0.267758784531752 0.2601582301864999
 
0.2684831294435738 0.26091450206879496
 
0.26920436250696095 0.26167374220176287
 
0.26980668793304724 0.2623052068726328
 
0.2705294784443507 0.2630629644776767
 
0.2711305059971734 0.2636956645884833
 
0.27173283142325966 0.2643271292593532
 
0.27245562193456313 0.2650848868643971
 
0.2730566494873859 0.26571758697520376
 
0.2736589749134721 0.26634905164607353
 
0.2743817654247756 0.2671068092511174
 
0.2749827929775983 0.26773950936192403
 
0.2757040260409856 0.26849874949489205
 
0.27618484808324373 0.26900490958353734
 
0.27690608114663096 0.2697641497165053
 
0.27738690318888914 0.2702703098051506
 
0.27810813625227643 0.2710295499381186
 
0.27858895829453456 0.2715357100267639
 
0.2793101913579218 0.2722949501597319
 
0.280031424421309 0.27305419029269984
 
0.28063374984739525 0.2736856549635697
 
0.2812347774002179 0.2743183550743763
 
0.2819560104636052 0.2750775952073443
 
0.2824368325058634 0.27558375529598966
 
0.28315806556925066 0.2763429954289577
 
0.2838792986326378 0.27710223556192554
 
0.284360120674896 0.27760839565057094
 
0.28508135373828325 0.2783676357835389
 
0.2858025868016705 0.27912687591650687
 
0.2862834088439286 0.27963303600515216
 
0.2867642308861868 0.2801391960937975
 
0.287485463949574 0.28089843622676547
 
0.2879662859918322 0.28140459631541076
 
0.2886875190552194 0.28216383644837867
 
0.2891683410974776 0.28266999653702396
 
0.2897706665235638 0.28330146120789385
 
0.2903716940763865 0.2839341613187005
 
0.2908525161186447 0.28444032140734576
 
0.29157374918203194 0.28519956154031373
 
0.2920545712242901 0.2857057216289591
 
0.29253539326654826 0.28621188171760437
 
0.29313771869263455 0.2868433463884743
 
0.2937387462454572 0.2874760464992809
 
0.2942195682877154 0.28798220658792617
 
0.2947003903299735 0.28848836667657146
 
0.2954216233933608 0.2892476068095395
 
0.29590244543561894 0.2897537668981848
 
0.29638326747787713 0.2902599269868301
 
0.2971045005412643 0.291019167119798
 
0.29758532258352255 0.2915253272084434
 
0.2980661446257807 0.29203148729708867
 
0.2985469666680388 0.29253764738573396
 
0.2991466938135717 0.29317158026891454
 
0.29974772136639444 0.2938042803797213
 
0.3007093654509107 0.2948166005570118
 
0.3019114205565561 0.2960820007786251
 
0.30311347566220154 0.29734740100023843
 
0.30383470872558876 0.2981066411332064
 
0.3044344358711216 0.298740574016387
 
0.304914217587548 0.29924772032293157
 
0.30575565616149974 0.3001335004780608
 
0.30635538330703266 0.30076743336124145
 
0.306835165023459 0.301274579667786
 
0.30731494673988535 0.30178172597433056
 
0.3077947284563116 0.30228887228087503
 
0.30839575600913427 0.3029215723916816
 
0.30887657805139246 0.3034277324803269
 
0.30959781111477974 0.3041869726132949
 
0.31031904417816697 0.3049462127462629
 
0.31104027724155414 0.3057054528792308
 
0.31164000438708706 0.30633938576241143
 
0.3122410319399098 0.30697208587321817
 
0.31284075908544273 0.3076060187563988
 
0.313320540801869 0.3081131650629433
 
0.31380032251829526 0.30862031136948775
 
0.3142801042347216 0.3091274576760323
 
0.3146407207664152 0.30950707774251623
 
0.3151215428086733 0.3100132378311615
 
0.31560236485093157 0.3105193979198069
 
0.3160831868931897 0.3110255580084522
 
0.3165640089354479 0.3115317180970975
 
0.3170448309777061 0.31203787818574286
 
0.31740466726502575 0.3124182379156512
 
0.31788444898145213 0.3129253842221958
 
0.3183642306978784 0.31343253052874026
 
0.31884401241430466 0.31393967683528473
 
0.31920462894599827 0.31431929690176874
 
0.31956446523331805 0.31469965663167715
 
0.32004424694974437 0.3152068029382217
 
0.3205240286661707 0.3157139492447662
 
0.32100381038259695 0.31622109555131067
 
0.32136442691429057 0.3166007156177947
 
0.32172426320161035 0.3169810753477031
 
0.3222040449180366 0.31748822165424756
 
0.322683826634463 0.31799536796079214
 
0.32316360835088925 0.3185025142673366
 
0.32340349920910244 0.3187560874206089
 
0.3238832809255287 0.3192632337271534
 
0.3242438974572223 0.3196428537936373
 
0.3247247194994805 0.3201490138822826
 
0.3250845557868003 0.320529373612191
 
0.32556433750322655 0.3210365199187355
 
0.32604411921965293 0.3215436662252801
 
0.32640473575134654 0.32192328629176403
 
0.32676457203866627 0.3223036460216724
 
0.3271251885703599 0.3226832660881564
 
0.327606010612618 0.3231894261768017
 
0.3279658468999378 0.32356978590671015
 
0.32844562861636406 0.3240769322132546
 
0.3289254103327903 0.3245840785197991
 
0.3291653011910035 0.3248376516730714
 
0.3296450829074298 0.32534479797961585
 
0.3300041374332496 0.3257258957692925
 
0.33036397372056936 0.3261062554992009
 
0.3308437554369957 0.32661340180574544
 
0.33132353715342194 0.3271205481122899
 
0.33156342801163513 0.3273741212655622
 
0.3320432097280614 0.32788126757210667
 
0.33252299144448766 0.32838841387865114
 
0.33288204597030746 0.32876951166832785
 
0.33324188225762724 0.32914987139823626
 
0.33372166397405356 0.3296570177047808
 
0.3342014456904798 0.33016416401132526
 
0.33444133654869296 0.3304177371645975
 
0.3349211182651193 0.330924883471142
 
0.3351610091233324 0.33117845662441425
 
0.3356407908397588 0.33168560293095883
 
0.33600140737145234 0.33206522299744273
 
0.3363612436587721 0.3324455827273512
 
0.3368410253751984 0.33295272903389567
 
0.3370809162334116 0.33320630218716796
 
0.33756069794983784 0.33371344849371243
 
0.3379197524756576 0.3340945462833891
 
0.3382795887629773 0.33447490601329743
 
0.33851947962119056 0.3347284791665698
 
0.3389992613376168 0.33523562547311425
 
0.3394790430540431 0.3357427717796587
 
0.33971893391225627 0.335996344932931
 
0.340077988438076 0.33637744272260767
 
0.34043782472539574 0.336757802452516
 
0.34079687925121543 0.3371389002421926
 
0.3411567155385352 0.3375192599721011
 
0.3415157700643549 0.3379003577617776
 
0.3418756063516747 0.3382807174916861
 
0.3422346608774944 0.33866181528136263
 
0.34259449716481416 0.33904217501127104
 
0.3429535516906339 0.3394232728009477
 
0.3433133879779536 0.33980363253085605
 
0.3436724425037734 0.34018473032053276
 
0.34391181218765315 0.34043879551365047
 
0.3442716484749729 0.3408191552435588
 
0.3446307030007926 0.3412002530332355
 
0.3451094423685523 0.34170838341947096
 
0.34546927865587207 0.34208874314937937
 
0.3457091695140852 0.3423423163026516
 
0.34606822403990495 0.34272341409232826
 
0.3464280603272247 0.3431037738222366
 
0.3466679511854379 0.34335734697550896
 
0.3471477329018642 0.34386449328205343
 
0.34738762376007737 0.3441180664353257
 
0.34774667828589706 0.34449916422500226
 
0.34810651457321684 0.3448795239549107
 
0.34846556909903653 0.3452606217445873
 
0.34870493878291636 0.3455146869377051
 
0.3490647750702361 0.34589504666761345
 
0.3493046659284492 0.3461486198208857
 
0.349663720454269 0.3465297176105624
 
0.35002355674158875 0.34691007734047075
 
0.35038261126740844 0.3472911751301473
 
0.3507424475547282 0.34767153486005575
 
0.35098233841294135 0.347925108013328
 
0.35146212012936767 0.3484322543198725
 
0.3517020109875808 0.34868582747314475
 
0.35194190184579394 0.348939400626417
 
0.35230095637161374 0.3493204984160937
 
0.35266079265893346 0.34970085814600205
 
0.35290068351714665 0.34995443129927434
 
0.35325973804296634 0.3503355290889509
 
0.35349910772684623 0.3505895942820687
 
0.35385894401416595 0.35096995401197706
 
0.35409674412853603 0.35122548888928395
 
0.354331378093595 0.3514839339905249
 
0.35444628715307186 0.3516153023658242
 
0.35455819998858656 0.35174923241930633
 
0.3546659353622102 0.3518865453147272
 
0.354769391080415 0.352027110802488
 
0.35467090404941504 0.351883020390928
 
0.35476369613144426 0.35203084248498495
 
0.35467736240012865 0.35187915784892765
 
0.3545976475171821 0.3517238926583166
 
0.3545976475171821 0.3517238926583166
 
0.3545976475171821 0.3517238926583166
 
0.354654639273925 0.3518888583566968
 
0.35465463927392493 0.3518888583566967
 
0.35469547028866805 0.35205854798576625
 
0.35469547028866805 0.35205854798576625
 
0.35469547028866805 0.35205854798576625
 
0.35469547028866805 0.35205854798576625
 
0.35469547028866805 0.35205854798576625
 
0.35470478689149293 0.35170960648805283
 
0.3546618304136715 0.3522314401960683
 
0.3546618304136715 0.3522314401960683
 
0.3546618304136715 0.3522314401960683
 
0.3546618304136715 0.35223144019606817
 
0.35466183041367144 0.3522314401960683
 
0.3546024735240546 0.3523955697230696
 
0.3546024735240546 0.3523955697230696
 
0.35452628559045546 0.3525525956468928
 
0.35452628559045546 0.3525525956468928
 
0.35443349350842623 0.35270041774094973
 
0.3542335712297007 0.3529865611497221
 
0.35412583585607704 0.353123874045143
 
0.35378354288458025 0.3535200951948458
 
0.353543652026367 0.35377366834811813
 
0.35316775422246305 0.35413816322987673
 
0.35250621563268236 0.35470729436037113
 
0.35167443720537894 0.35534350765723366
 
0.3506729352746756 0.35604323563277296
 
0.34964220140823293 0.3566991419168739
 
0.3487385442729248 0.35722831721206316
 
0.34751114226145735 0.3578939265485968
 
0.34610791023440074 0.3585998592497199
 
0.34452084470578853 0.3593260804321137
 
0.34291356136699613 0.36000638511878563
 
0.341287388332439 0.36064021116711925
 
0.3388200076079133 0.3615153821820874
 
0.33666212882226665 0.36221651950162714
 
0.3346548998983605 0.3628144516816966
 
0.33246880329907813 0.3634219185968465
 
0.3302695448462212 0.363979858245852
 
0.3272063088864458 0.36467713140310726
 
0.3232697886204747 0.3654633054947149
 
0.3191402332201244 0.36616525675737627
 
0.3148231963010719 0.3667991187109652
 
0.31032088941218194 0.36736601398862656
 
0.30719788164189354 0.3677072278040088
 
0.3037234656378696 0.36804357616872996
 
0.30076743253374605 0.36829913774479683
 
0.2976353982450532 0.3685440165220355
 
0.29450145835327163 0.3687631629474904
 
0.29101742048095636 0.3689780510480001
 
0.2878810186141633 0.36915857176998723
 
0.28456926123527293 0.3693287244004878
 
0.2814311713524162 0.3694770358572296
 
0.27742100916423085 0.36965831114833464
 
0.274107406891751 0.36978765114260037
 
0.2711423734867073 0.3698972884483415
 
0.2678282680020218 0.3700130195620436
 
0.26451393186989947 0.3701219454892082
 
0.26137403448157304 0.37022513847283783
 
0.2584083819711212 0.37031650925091325
 
0.2552682793129957 0.3704132547806402
 
0.2516046021761088 0.3705186020598918
 
0.24863894966565686 0.3706099728379672
 
0.24549884700753127 0.37070671836769414
 
0.24235874434940569 0.3708034638974211
 
0.23886974139593284 0.370910958930451
 
0.2359042827514024 0.37100841897054565
 
0.23311326285066788 0.37110014606710534
 
0.22997336546234146 0.371203339050735
 
0.22665925997765599 0.37131907016443705
 
0.22369422657261226 0.3714287074701782
 
0.22055477943785995 0.37154479402919827
 
0.2175899774045885 0.3716605192872255
 
0.21410197501250455 0.3717966666496104
 
0.21131157309883716 0.3719055845395184
 
0.2083470149374079 0.3720273972619158
 
0.20538221290413633 0.372143122519943
 
0.2020688831943035 0.3722792661508578
 
0.19910458140375747 0.372407165824044
 
0.19631465030677275 0.37252754198704274
 
0.19352471920978825 0.3726479181500415
 
0.19003730533855745 0.3727983883537899
 
0.18742198217234965 0.37291661136972803
 
0.1842835943729002 0.37305847898885375
 
0.18149391632894524 0.3731845835391877
 
0.1783555285294958 0.3733264511583134
 
0.1753917769734644 0.37346652308968065
 
0.17260236374425825 0.37359835549567333
 
0.1698129505150522 0.373730187901666
 
0.16632618397854448 0.37389497840915686
 
0.16371136836555622 0.3740239406333681
 
0.16092223171170197 0.3741615003391934
 
0.15813309505784795 0.37429906004501867
 
0.15464667424052997 0.3744710096773003
 
0.15185753758667594 0.3746085693831256
 
0.1490684009328217 0.3747461290889509
 
0.14645332603044103 0.374869721969569
 
0.14348986833572092 0.3750158791570084
 
0.14070073168186678 0.3751534388628337
 
0.13791159502801253 0.375290998568659
 
0.13529652012563176 0.37541459144927714
 
0.13198442034917987 0.3755779435999447
 
0.12919528369532574 0.37571550330576997
 
0.1264061470414715 0.37585306301159527
 
0.12379160174234756 0.37598739403567466
 
0.12065414738339889 0.3761485912645699
 
0.11786529906433349 0.3762918776902546
 
0.11542505678515125 0.37641725331272863
 
0.11263620846608585 0.3765605397384133
 
0.11002194450415873 0.3767002389960002
 
0.10705879316515163 0.37685248082329015
 
0.10461855088596927 0.37697785644576426
 
0.10200373527298123 0.3771068186699755
 
0.09956324070085874 0.3772271834125726
 
0.0962514833219686 0.37739733604307313
 
0.09381124104278625 0.37752271166554724
 
0.0913709987636039 0.37764808728802135
 
0.0885821504445385 0.377791373713706
 
0.08579330212547288 0.3779346601393907
 
0.08335305984629053 0.3780600357618648
 
0.08091281756710829 0.3781854113843389
 
0.07847257528792594 0.37831078700681303
 
0.07463790884921105 0.37850780584212945
 
0.07219766657002881 0.3786331814646035
 
0.06993149303877219 0.37874494872558656
 
0.06714235638491806 0.37888250843141186
 
0.06383059900602792 0.3790526610619124
 
0.06139035672684557 0.3791780366843865
 
0.0587755411138572 0.3793069989085977
 
0.056335561416058534 0.37943738488234546
 
0.05354642476220451 0.37957494458817076
 
0.05110593019008201 0.3796953093307679
 
0.04866543561795952 0.37981567407336503
 
0.0460508903188357 0.3799500050974444
 
0.04361064803965335 0.38007538071991853
 
0.041344474508396845 0.3801871479809016
 
0.038729929209273026 0.380321479004981
 
0.03646375567801641 0.38043324626596403
 
0.03367461902416227 0.3805708059717893
 
0.031582766533771754 0.3806739757511583
 
0.028968221234647824 0.3808083067752377
 
0.026527978955465475 0.3809336823977118
 
0.023913163342477214 0.381062644621923
 
0.021821310852086474 0.381165814401292
 
0.019380816279964203 0.3812861791438891
 
0.01694032170784171 0.38140654388648626
 
0.014499827135719217 0.3815269086290834
 
0.012059332563596835 0.38164727337168053
 
0.009967480073206206 0.3817504431510495
 
0.007526985501083823 0.38187080789364664
 
0.005086490928961329 0.38199117263624377
 
0.002994638438570699 0.38209434241561274
 
0.0007282401898407839 0.3822014562454818
 
-0.0015379333414158331 0.38231322350646485
 
-0.003978427913538217 0.382433588249062
 
-0.006070280403928957 0.38253675802843096
 
-0.008510774976051341 0.3826571227710281
 
-0.01060262746644186 0.38276029255039706
 
-0.01269447995683249 0.38286346232976604
 
-0.01530902525595642 0.38299779335384543
 
-0.017575198787213038 0.3831095606148285
 
-0.02001569335933542 0.3832299253574256
 
-0.0229788446983424 0.38338216718471557
 
-0.025070904620246946 0.3834810414892101
 
-0.027162964542151603 0.3835799157937046
 
-0.02942913807340811 0.38369168305468765
 
-0.031695077332648876 0.3838081032755564
 
-0.03396125086390527 0.3839198705365395
 
-0.03587897245898467 0.38401050531565945
 
-0.03797103238088922 0.38410937962015396
 
-0.040585847993877475 0.38423834184436517
 
-0.04285224624260728 0.3843454556742342
 
-0.044944306164512046 0.38444432997872874
 
-0.04703636608641648 0.38454320428322325
 
-0.04912842600832103 0.38464207858771776
 
-0.05122048593022557 0.3847409528922123
 
-0.05331254585213012 0.3848398271967068
 
-0.05505592912038393 0.3849222224504522
 
-0.057147989042288475 0.3850210967549467
 
-0.05958872561784387 0.3851364501101903
 
-0.061680785539748526 0.38523532441468483
 
-0.06359868919496761 0.38532202129303944
 
-0.06551641079004679 0.3854126560721594
 
-0.06795714736560207 0.385528009427403
 
-0.0700492072875065 0.3856268837318975
 
-0.07179259055576043 0.38570927898564294
 
-0.07388465047766486 0.38580815329013746
 
-0.07597671039956952 0.38590702759463197
 
-0.07806877032147407 0.3860059018991265
 
-0.08016083024337872 0.386104776203621
 
-0.08207873389859781 0.3861914730819756
 
-0.08451970218705854 0.3863018145635178
 
-0.08643742378213772 0.3863924493426378
 
-0.08818080705039152 0.3864748445963832
 
-0.09009871070561061 0.3865615414747378
 
-0.09201643230068979 0.3866521762538578
 
-0.09410849222259433 0.3867510505583523
 
-0.09602602367211908 0.3868456228561072
 
-0.09898977522815036 0.3869856947874744
 
-0.1017791884573566 0.3871175271934671
 
-0.10456860168656251 0.3872493595994598
 
-0.10735801491576875 0.38738119200545246
 
-0.10979875149132415 0.38749654536069605
 
-0.11171665514654312 0.38758324223905066
 
-0.11346020392401503 0.3876620575830094
 
-0.11520375270148693 0.3877408729269682
 
-0.11729601123445318 0.38783545133971864
 
-0.11903956001192509 0.3879142666836774
 
-0.12113181854489134 0.38800884509642786
 
-0.12287536732236325 0.3880876604403866
 
-0.12479308891744242 0.3881782952195066
 
-0.12636228281716727 0.38824922902906944
 
-0.12845454135013365 0.38834380744181995
 
-0.13019809012760544 0.38842262278577866
 
-0.13194163890507735 0.3885014381297374
 
-0.13368518768254925 0.3885802534736962
 
-0.13542873646002104 0.3886590688176549
 
-0.13717228523749295 0.38873788416161364
 
-0.13891583401496485 0.3888166995055724
 
-0.14065938279243687 0.38889551484953117
 
-0.14240293156990888 0.3889743301934899
 
-0.14414648034738067 0.38905314553744863
 
-0.14589002912485247 0.38913196088140733
 
-0.14745907406628078 0.3892061166097782
 
-0.14902826796600563 0.3892770504193411
 
-0.15077181674347764 0.38935586576329984
 
-0.15251536552094944 0.38943468110725854
 
-0.15425891429842145 0.3895134964512173
 
-0.15600246307589324 0.389592311795176
 
-0.15774601185336526 0.38967112713913477
 
-0.1591408508753429 0.3897341794143018
 
-0.1608843996528147 0.3898129947582605
 
-0.1626279484302865 0.3898918101022192
 
-0.16402278745226392 0.3899548623773862
 
-0.16559212369431786 0.39002257396907297
 
-0.16716131759404249 0.39009350777863583
 
-0.1689048663715145 0.3901723231225946
 
-0.17047420261356844 0.39024003471428137
 
-0.17204339651329306 0.3903109685238442
 
-0.17361273275534678 0.390378680115531
 
-0.17518192665507162 0.39044961392509386
 
-0.17657676567704905 0.39051266620026087
 
-0.17797160469902648 0.3905757184754279
 
-0.1795409409410802 0.39064343006711466
 
-0.18111013484080501 0.3907143638766775
 
-0.18285368361827703 0.3907931792206363
 
-0.18424852264025446 0.3908562314958033
 
-0.18581785888230817 0.39092394308749007
 
-0.187387052782033 0.3909948768970529
 
-0.18913060155950479 0.39107369224101163
 
-0.19069964650093332 0.3911478479693825
 
-0.19226884040065795 0.39121878177894537
 
-0.19366367942263538 0.3912818340541124
 
-0.1952330156646893 0.39134954564579916
 
-0.19680220956441394 0.391420479455362
 
-0.1981970485863916 0.391483531730529
 
-0.1997663848284453 0.3915512433222158
 
-0.2011613503769375 0.3916114314037152
 
-0.20255631592542991 0.39167161948521456
 
-0.2039512814739221 0.39173180756671394
 
-0.20639247118378368 0.39183713670933784
 
-0.2097052138609805 0.39198688586285946
 
-0.21284360166042995 0.39212875348198517
 
-0.2154591620638526 0.39224160613479647
 
-0.21685412761234524 0.39230179421629585
 
-0.21824909316083743 0.39236198229779523
 
-0.21964405870932963 0.3924221703792946
 
-0.22156230222554857 0.39250099037614
 
-0.22348037985472555 0.39258374898820164
 
-0.22487534540321796 0.392643937069701
 
-0.22627031095171016 0.3927041251512004
 
-0.22766527650020235 0.3927643132326998
 
-0.22888576064443283 0.3928194839734709
 
-0.23028059966641026 0.3928825362486379
 
-0.2316754386883877 0.3929455885238049
 
-0.23307027771036512 0.3930086407989719
 
-0.23429087256529602 0.3930613053702839
 
-0.23533709672666517 0.3931064464314084
 
-0.23673206227515736 0.3931666345129078
 
-0.23795254641938784 0.3932218052536789
 
-0.23934738544136527 0.3932848575288459
 
-0.24056798029629617 0.3933375221001579
 
-0.24178868071570822 0.39338768027996857
 
-0.243183766909322 0.39344500391403797
 
-0.2444043617642529 0.39349766848534995
 
-0.2457993273127451 0.39355785656684933
 
-0.24684555147411447 0.39360299762797385
 
-0.24824051702260666 0.39366318570947323
 
-0.24963548257109908 0.3937233737909726
 
-0.2506817067324682 0.39376851485209713
 
-0.25190219087669846 0.39382368559286823
 
-0.25329702989867614 0.39388673786803524
 
-0.2545176247536068 0.3939394024393472
 
-0.25573832517301887 0.3939895606191579
 
-0.25695892002794973 0.3940422251904699
 
-0.25800514418931886 0.3940873662515944
 
-0.25922584460873116 0.39413752443140515
 
-0.2604464394636618 0.39419018900271713
 
-0.2616669236078923 0.39424535974348823
 
-0.2628875184628227 0.39429802431480016
 
-0.26393374262419184 0.3943431653759247
 
-0.2653287081726842 0.39440335345742406
 
-0.26637493233405335 0.3944484945185486
 
-0.2674211564954225 0.3944936355796731
 
-0.26864164063965296 0.3945488063204442
 
-0.2698622354945836 0.3946014708917562
 
-0.27090845965595295 0.3946466119528807
 
-0.27195468381732185 0.3946917530140052
 
-0.2730009079786912 0.39473689407512974
 
-0.27439587352718336 0.3947970821566291
 
-0.2754420976885525 0.39484222321775364
 
-0.27648832184992184 0.39488736427887816
 
-0.27753454601129096 0.3949325053400027
 
-0.27875524643070304 0.39498266351981337
 
-0.2799758412856339 0.39503532809112535
 
-0.2810220654470028 0.39508046915224987
 
-0.28206828960837216 0.3951256102133744
 
-0.2831145137697413 0.3951707512744989
 
-0.28450947931823367 0.3952309393559983
 
-0.2855557034796028 0.3952760804171228
 
-0.28642763235061164 0.3953119076884162
 
-0.2876482272055423 0.39536457225972815
 
-0.2888689276249546 0.3954147304395389
 
-0.2899152422701647 0.3954577231650909
 
-0.29096155691537523 0.39550071589064295
 
-0.29200787156058555 0.395543708616195
 
-0.2932284664155164 0.39559637318750696
 
-0.29427469057688554 0.3956415142486315
 
-0.2951466194478944 0.39567734151992484
 
-0.2961929340931045 0.39572033424547687
 
-0.29723924873831503 0.3957633269710289
 
-0.29828556338352535 0.3958063196965809
 
-0.2991574168513332 0.39584393724751804
 
-0.3002036410127021 0.39588907830864256
 
-0.3010755698837109 0.3959249055799359
 
-0.30229616473864157 0.3959775701512479
 
-0.3031680936096504 0.39601339742254127
 
-0.30421440825486074 0.3960563901480933
 
-0.30526072290007106 0.3960993828736453
 
-0.30613257636787866 0.39613700042458244
 
-0.307178800529248 0.39618214148570696
 
-0.3080507294002564 0.3962179687570003
 
-0.30892258286806423 0.39625558630793745
 
-0.30996880702943336 0.39630072736906197
 
-0.3110150311908027 0.3963458684301865
 
-0.31206125535217183 0.396391009491311
 
-0.31293318422318045 0.3964268367626044
 
-0.31380503769098805 0.3964644543135415
 
-0.3148512618523574 0.396509595374666
 
-0.3157231907233658 0.3965454226459594
 
-0.3165950441911736 0.3965830401968965
 
-0.31764126835254275 0.396628181258021
 
-0.3186874925139121 0.39667332231914554
 
-0.3197337166752812 0.39671846338027006
 
-0.32060564554628984 0.3967542906515634
 
-0.3213031886430967 0.3967829524685981
 
-0.3226982748367107 0.39684027610266753
 
-0.32339581793351735 0.39686893791970224
 
-0.3244421325787279 0.39691193064525426
 
-0.3258372187723417 0.39696925427932367
 
-0.32723230496595546 0.3970265779133931
 
-0.328278619611166 0.3970695706389451
 
-0.3296737058047798 0.3971268942730145
 
-0.3307200204499903 0.39716988699856653
 
-0.33176633509520065 0.39721287972411856
 
-0.33246387819200773 0.39724154154115326
 
-0.33351019283721806 0.3972845342667053
 
-0.3345565074824284 0.3973275269922573
 
-0.33525405057923546 0.397356188809292
 
-0.3361259040470433 0.39739380636022914
 
-0.3369978329180517 0.3974296336315225
 
-0.3378696863858595 0.3974672511824596
 
-0.3387416152568679 0.397503078453753
 
-0.339439158353675 0.3975317402707877
 
-0.3403110118214826 0.3975693578217248
 
-0.3411829406924912 0.3976051850930182
 
-0.34205479416029905 0.3976428026439553
 
-0.34292672303130767 0.39767862991524866
 
-0.34362426612811453 0.39770729173228336
 
-0.3443218092249214 0.39773595354931807
 
-0.3451936626927292 0.3977735711002552
 
-0.3460655915637376 0.39780939837154855
 
-0.3467631346605447 0.39783806018858325
 
-0.3476349881283523 0.3978756777395204
 
-0.3485069169993609 0.39791150501081374
 
-0.349204460096168 0.39794016682784844
 
-0.34990200319297465 0.39796882864488314
 
-0.35059954628978174 0.39799749046191785
 
-0.35164586093499206 0.3980404831874699
 
-0.3523434040317989 0.3980691450045046
 
-0.3535645550655143 0.39810676826606506
 
-0.3542626146534304 0.39811680237674385
 
-0.3547861957685266 0.3981125019438739
 
-0.3553093961273392 0.3980920798395161
 
-0.3558317194426361 0.39805555543527366
 
-0.35617879742155983 0.39801835537531555
 
-0.3563514788983219 0.397993000897172
 
-0.3566944688141543 0.39792815580829105
 
-0.35686424192493355 0.39788767330793495
 
-0.35686424192493355 0.39788767330793495
 
-0.3570290902528351 0.39783034294279795
 
-0.35719104827098974 0.3977652941739081
 
-0.35719104827098974 0.3977652941739081
 
-0.3574999255071095 0.39760268476175226
 
-0.3578004176337897 0.3974250574842359
 
-0.35809179505145566 0.3972328436231618
 
-0.3585122133909797 0.3969207473277659
 
-0.35864728533505236 0.3968102153780721
 
-0.3591651380084422 0.39634200978186246
 
-0.3596613192358529 0.39585089669791557
 
-0.36001723161042753 0.39546686276786164
 
-0.36069364589571284 0.3946674339555875
 
-0.36122808334315987 0.393977564283669
 
-0.3617322861276567 0.39326529811040767
 
-0.36258915517981094 0.39194879648574743
 
-0.3632151644600539 0.3908996359937328
 
-0.3639724665789896 0.38952344756153046
 
-0.36468127908628445 0.38812166800333486
 
-0.3654237555441442 0.38654214183786895
 
-0.36618658653081565 0.3847803360411954
 
-0.3669021229886038 0.38299879784149393
 
-0.36774725808482667 0.3807061469529042
 
-0.36852614716917076 0.378390151870416
 
-0.3692006469475223 0.37622379907287856
 
-0.36996485818234004 0.37353787518432185
 
-0.37058514845827256 0.3711744578700495
 
-0.37115678266467605 0.36879880306307766
 
-0.37179748485842073 0.3659017452226526
 
-0.3726009647565403 0.36179073762924785
 
-0.37315284816219163 0.358697999504599
 
-0.37363203573577286 0.3557698904388093
 
-0.374139125298644 0.3523162609035673
 
-0.3745571784845247 0.3492026077541519
 
-0.37499264623803963 0.3455633776091566
 
-0.37535281637649864 0.34226686940718554
 
-0.3756891647412198 0.3387924534031616
 
-0.3760277456990888 0.3349676859523687
 
-0.3763134376058672 0.33131364594889356
 
-0.3765569336341504 0.32783149051358074
 
-0.37681479935476203 0.32365064506680236
 
-0.3770178930177027 0.31999108482318467
 
-0.3771984401315984 0.3163303429650013
 
-0.37737183388830764 0.31249453565456314
 
-0.3775294738819985 0.30865804862212504
 
-0.3776971544672497 0.3041232916497049
 
-0.3778232792250193 0.3002856392861949
 
-0.3779336430413781 0.29644750133326553
 
-0.3780407839738641 0.2924346741095614
 
-0.37813108494149206 0.2887705952419824
 
-0.3782138621663639 0.2851063386811455
 
-0.3783005811638486 0.2812675937126497
 
-0.3783873001613334 0.2774288487441537
 
-0.3784625532944473 0.27376442993913874
 
-0.378534222945032 0.2702745072676951
 
-0.3786374240508925 0.2660869885618907
 
-0.37871626066653563 0.2622480736233032
 
-0.37878793031712027 0.2587581509518598
 
-0.3788595999677049 0.25526822828041656
 
-0.3789456035484065 0.25108032107468475
 
-0.37902838077327833 0.24741606451384784
 
-0.3791186817409063 0.24375198564626882
 
-0.3792046826624567 0.24026238672476496
 
-0.3793032269777803 0.23590017653329248
 
-0.37938206243003914 0.23241040838011445
 
-0.37947522845828785 0.22892099340298
 
-0.3795777110893614 0.22508263692813257
 
-0.37966801205698936 0.22141855806055377
 
-0.3797783758733482 0.21758042010762438
 
-0.37987870661549256 0.21409120378677965
 
-0.3799890704318514 0.21025306583385026
 
-0.3800793680997813 0.20711277114509022
 
-0.38019223788446277 0.20344931804394373
 
-0.3802997329174927 0.19996031509047088
 
-0.3804072279505226 0.19647131213699803
 
-0.3805290501754721 0.19298278004785557
 
-0.3806494419897067 0.189319566428141
 
-0.3807651731034087 0.18600546094345607
 
-0.3808869953283582 0.18251692885431384
 
-0.3810209997758026 0.17867954355625715
 
-0.3811435355881016 0.17536568269179617
 
-0.38125926670180366 0.1720515772071106
 
-0.38139470102066036 0.1683888888832334
 
-0.3815347965793523 0.16437707698071913
 
-0.3816573323916512 0.1610632161162586
 
-0.38178667238591696 0.15774961384377875
 
-0.3819228197483019 0.15426161145169492
 
-0.3820453555606009 0.15094775058723395
 
-0.38216144211962094 0.14780830345248186
 
-0.3822907821138867 0.14449470118000202
 
-0.38242621643274344 0.14083201285612415
 
-0.38255555642700917 0.13751841058364453
 
-0.38269170378939416 0.13403040819156048
 
-0.38281423641554063 0.13089120603868504
 
-0.3829503837779256 0.12740320364660077
 
-0.3830865311403106 0.12391520125451651
 
-0.3832090637664571 0.12077599910164084
 
-0.38333159639260356 0.1176367969487654
 
-0.38346774375498854 0.11414879455668114
 
-0.38360389111737353 0.11066079216459711
 
-0.38372642374352 0.10752159001172167
 
-0.3838489563696665 0.104382387858846
 
-0.3839851000005813 0.10106905814901307
 
-0.384114439994847 0.09775545587653343
 
-0.3842369726209935 0.09461625372365777
 
-0.38434660992673464 0.09165122031861392
 
-0.3844755949923125 0.08816294572444472
 
-0.38459168155133255 0.08502349858969242
 
-0.38469486960379484 0.08223287891435681
 
-0.3848242095980606 0.07891927664187717
 
-0.3849338469038018 0.0759542432368331
 
-0.3850628319693796 0.07246596864266412
 
-0.3851660200218419 0.06967534896732894
 
-0.3853208021005353 0.06548941945432572
 
-0.3854884826857865 0.060954662481905834
 
-0.38564326476447996 0.056768732968902405
 
-0.38581344896746117 0.05240872997879763
 
-0.3859474534149056 0.04857134468074093
 
-0.38605709072064676 0.04560631127569709
 
-0.38618643071491243 0.04229270900321768
 
-0.38630825293986193 0.03880417691407499
 
-0.3864178929423165 0.035664498033846526
 
-0.38651463174149986 0.0330482920882198
 
-0.3866303628552019 0.02973418660353422
 
-0.38671563841266654 0.027292214141134866
 
-0.3868252784151211 0.0241525352609064
 
-0.3869227361950807 0.0213617095895926
 
-0.3870323761975353 0.018222030709364356
 
-0.38714201619998984 0.015082351829135887
 
-0.3872387549991732 0.012466145883508936
 
-0.3873419430516355 0.009675526208173758
 
-0.3874454919428426 0.006710273932402403
 
-0.38754294972280223 0.003919448261088605
 
-0.3876525870285434 0.0009544148560449782
 
-0.3877439536972555 -0.00166198421081193
 
-0.38785359100299666 -0.004627017615855556
 
-0.3879696775620167 -0.007766464750608075
 
-0.38805996710792123 -0.010208256966526576
 
-0.38815133377663336 -0.01282465603338304
 
-0.38826097108237456 -0.01578968943842711
 
-0.38836415913483685 -0.01858030911376251
 
-0.38846734718729914 -0.021370928789097687
 
-0.38855763673320365 -0.02381272100501619
 
-0.3886611856244107 -0.026777973280787102
 
-0.38875864340437033 -0.029568798952101343
 
-0.388843918961835 -0.032010771414501135
 
-0.38892919451929964 -0.03445274387690049
 
-0.38903883182504084 -0.037417777281944564
 
-0.38913019849375297 -0.04003417634880147
 
-0.3892154740512176 -0.04247614881120082
 
-0.3893007496086823 -0.04491812127360106
 
-0.3893982073886419 -0.04770894694491486
 
-0.3895071333158065 -0.05102328307703696
 
-0.3895873945252962 -0.05346542549017979
 
-0.38966765573478596 -0.055907567903322616
 
-0.38975938283134565 -0.058698587804057026
 
-0.3898396440408354 -0.06114073021719985
 
-0.38993137113739507 -0.06393175011793492
 
-0.3900116323468848 -0.06637389253107731
 
-0.3901033594434445 -0.06916491243181172
 
-0.39018254388966167 -0.0714324582897544
 
-0.39026853804268635 -0.07404903944669314
 
-0.3903487992521761 -0.07649118185983575
 
-0.3904290604616658 -0.07893332427297858
 
-0.39050932167115554 -0.08137546668612142
 
-0.39058958288064527 -0.08381760909926425
 
-0.390669844090135 -0.08625975151240708
 
-0.3907612107588471 -0.088876150579264
 
-0.39083573902480184 -0.09114385424861049
 
-0.39091600023429157 -0.09358599666175332
 
-0.390985872005761 -0.09585384858151075
 
-0.391061118528882 -0.0982961506489416
 
-0.39114639408634666 -0.10073812311134162
 
-0.39123238823937134 -0.10335470426828035
 
-0.3913699788842109 -0.10754123411938218
 
-0.3914502400937006 -0.1099833765325248
 
-0.39152011186517005 -0.11225122845228222
 
-0.39159464013112477 -0.11451893212162916
 
-0.3916752614058972 -0.11713568433673363
 
-0.3917397584257151 -0.1192290861088172
 
-0.3918257525787398 -0.12184566726575594
 
-0.3918945479011596 -0.12393893219130696
 
-0.391964419672629 -0.1262067841110644
 
-0.39203894793858374 -0.12847448778041132
 
-0.3921088197100532 -0.1307423397001683
 
-0.3921833479760079 -0.13301004336951522
 
-0.39225321974747734 -0.13527789528927264
 
-0.39232774801343206 -0.13754559895861934
 
-0.39239654333585183 -0.13963886388417038
 
-0.39247680454534156 -0.1420810062973132
 
-0.39254559986776133 -0.14417427122286447
 
-0.3926143951901811 -0.14626753614841506
 
-0.39268426696165054 -0.14853538806817249
 
-0.3927487639814685 -0.15062878984025607
 
-0.3928132610012865 -0.15272219161233988
 
-0.3928777580211045 -0.15481559338442347
 
-0.39294082039998923 -0.15673441956617837
 
-0.39302108160947896 -0.15917656197932165
 
-0.3931013428189687 -0.16161870439246404
 
-0.39317013814138846 -0.1637119693180153
 
-0.3932389334638082 -0.16580523424356589
 
-0.39329626289915803 -0.16754962168152512
 
-0.3933650582215778 -0.16964288660707594
 
-0.39343385354399757 -0.17173615153262697
 
-0.393492975812164 -0.17365510315703714
 
-0.393557472831982 -0.17574850492912072
 
-0.3936219698518 -0.17784190670120453
 
-0.39368646687161796 -0.17993530847328812
 
-0.39374164877979734 -0.1818543774497528
 
-0.3938007710479638 -0.18377332907416274
 
-0.3938545185644788 -0.1855178305508993
 
-0.3939190155842967 -0.18761123232298288
 
-0.39398207796318147 -0.189530058504738
 
-0.3940412002313479 -0.19144901012914795
 
-0.3941056972511659 -0.19354241190123198
 
-0.3941701942709839 -0.19563581367331556
 
-0.39422394178749887 -0.1973803151500521
 
-0.39428843880731684 -0.19947371692213592
 
-0.3943421863238318 -0.20121821839887225
 
-0.39439736823201116 -0.20313728737533693
 
-0.3944475336030833 -0.20488189553575895
 
-0.3945066558712498 -0.2068008471601689
 
-0.39456040338776477 -0.20854534863690566
 
-0.39462490040758275 -0.21063875040898924
 
-0.39467864792409774 -0.2123832518857258
 
-0.39473239544061267 -0.21412775336246212
 
-0.39478757734879205 -0.2160468223389268
 
-0.3948466996169585 -0.21796577396333675
 
-0.39490044713347344 -0.21971027544007307
 
-0.3949556290416528 -0.22162934441653775
 
-0.3950040018065163 -0.22319939574560044
 
-0.39506849882633427 -0.22529279751768447
 
-0.3951150818404586 -0.22703750500625125
 
-0.3951602306744236 -0.2286076523506315
 
-0.39521039604549574 -0.23035226051105395
 
-0.3952695183136622 -0.2322712121354639
 
-0.3953232658301772 -0.23401571361220044
 
-0.3953770133466921 -0.23576021508893677
 
-0.39543219525487155 -0.23767928406540167
 
-0.395480568019735 -0.2392493353944639
 
-0.39553574992791446 -0.24116840437092882
 
-0.39558412269277793 -0.24273845569999128
 
-0.3956378702092929 -0.24448295717672805
 
-0.39568301904325787 -0.24605310452110807
 
-0.39573318441433003 -0.24779771268153053
 
-0.3957833497854022 -0.249542320841953
 
-0.39583172255026566 -0.25111237217101545
 
-0.39588547006678065 -0.252856873647752
 
-0.39593921758329564 -0.25460137512448855
 
-0.3959843664172606 -0.2561715224688686
 
-0.39603273918212406 -0.2577415737979313
 
-0.396077888016089 -0.25931172114231155
 
-0.3961800082974674 -0.2626262739481108
 
-0.39628750333049734 -0.2661152769015839
 
-0.39640574786683025 -0.26995318015040354
 
-0.3964702448866482 -0.2720465819224873
 
-0.3965153937206132 -0.27361672926686736
 
-0.3965555260174709 -0.27501241579520563
 
-0.39663614729224334 -0.27762916801031035
 
-0.3967006443120613 -0.2797225697823939
 
-0.39674579314602626 -0.28129271712677395
 
-0.396785925442884 -0.2826884036551118
 
-0.39683609081395615 -0.2844330118155345
 
-0.3968762231108139 -0.2858286983438721
 
-0.3969163554076716 -0.28722438487221014
 
-0.39695648770452935 -0.28862007140054774
 
-0.397016686149816 -0.2907136011930549
 
-0.3970768845951026 -0.2928071309855614
 
-0.39713708304038925 -0.29490066077806854
 
-0.39719728148567585 -0.296994190570575
 
-0.39723920619838776 -0.29856442731028576
 
-0.39727647260968724 -0.2999601933011394
 
-0.3973137390209867 -0.3013559592919932
 
-0.39736032203511107 -0.30310066678056025
 
-0.39739758844641054 -0.30449643277141386
 
-0.39743485485771 -0.3058921987622675
 
-0.3974721212690095 -0.30728796475312153
 
-0.39750938768030897 -0.30868373074397515
 
-0.3975445034400595 -0.3099049564562707
 
-0.3975846357369172 -0.31130064298460874
 
-0.39762476803377494 -0.31269632951294657
 
-0.3976649003306327 -0.3140920160412844
 
-0.3977050326274904 -0.31548770256962244
 
-0.39773764073737744 -0.3167089978116194
 
-0.39777275649712796 -0.3179302235239149
 
-0.3978128887939857 -0.31932591005225297
 
-0.3978530210908434 -0.3207215965805908
 
-0.39788562920073045 -0.32194289182258795
 
-0.3979228956120299 -0.32333865781344134
 
-0.39795801137178044 -0.32455988352573734
 
-0.39799814366863817 -0.32595557005407494
 
-0.3980382759654959 -0.327351256582413
 
-0.39807088407538294 -0.32857255182441014
 
-0.39810599983513345 -0.3297937775367057
 
-0.39814792454784537 -0.331364014276416
 
-0.39817587435631996 -0.3324108387695562
 
-0.39821314076761943 -0.33380660476041
 
-0.398241090576094 -0.3348534292535502
 
-0.3982783569873935 -0.33624919524440405
 
-0.398315623398693 -0.33764496123525767
 
-0.39834357320716757 -0.33869178572839764
 
-0.39838083961846704 -0.3400875517192515
 
-0.39841595537821756 -0.34130877743154703
 
-0.39844605460086086 -0.3423555423278006
 
-0.3984786627107479 -0.3435768375697975
 
-0.3985137784704984 -0.3447980632820933
 
-0.39854638658038544 -0.3460193585240904
 
-0.39858150234013595 -0.34724058423638593
 
-0.398614110450023 -0.34846187947838286
 
-0.3986492262097735 -0.34968310519067863
 
-0.3986793254324168 -0.35072987008693174
 
-0.39871945772927453 -0.35212555661527
 
-0.3987495569519178 -0.3531723215115231
 
-0.3987771493602084 -0.3543937403651353
 
-0.3987843167483251 -0.35526637555696217
 
-0.3987714156310282 -0.35631349363645703
 
-0.3987427538139935 -0.3570110367332641
 
-0.39868009243422914 -0.35788144876268024
 
-0.39864360511730773 -0.35822860239382703
 
-0.39856860555788665 -0.3587468019151457
 
-0.3985044648761896 -0.35908992425610603
 
-0.39842629137477575 -0.35943012400859176
 
-0.3983792179589351 -0.35959818898263385
 
-0.398323583024339 -0.35976361720281175
 
-0.3982595331423464 -0.3599259728451382
 
-0.3981878900258377 -0.3600851237352889
 
-0.3981878900258377 -0.3600851237352889
 
-0.3980127367480061 -0.36038706461887265
 
-0.39772891827424817 -0.36082706774586354
 
-0.3976274935627292 -0.3609691056628853
 
-0.39718981817984966 -0.3615130065094375
 
-0.3969567806744514 -0.36177289203999424
 
-0.39646770937213455 -0.36227108591080004
 
-0.39583009422912735 -0.3628668966851865
 
-0.39529899804409263 -0.3633200243867232
 
-0.3946113289345144 -0.3638572903778293
 
-0.39376286622626233 -0.36447107677710644
 
-0.3927458166035428 -0.3651480076612303
 
-0.39140187951410355 -0.36596117074444395
 
-0.39018137564174066 -0.366639346078839
 
-0.38878546499859884 -0.3673596478049479
 
-0.3873680346745233 -0.3680366207561529
 
-0.3854494983863739 -0.3688766858464785
 
-0.38318022098250154 -0.3697827109521423
 
-0.38105133087166826 -0.3705674792557779
 
-0.3787385539397244 -0.37135587274312365
 
-0.3765749893410259 -0.3720392632769001
 
-0.3742303772648675 -0.3727272281307633
 
-0.37153524238854074 -0.3734582917018335
 
-0.3688256655658936 -0.37413386507957425
 
-0.3661027891572041 -0.37475366344157895
 
-0.36320056680264495 -0.37537054984646595
 
-0.3594291503119879 -0.37609159129581193
 
-0.3561634041320344 -0.37666743045948337
 
-0.35254512041082375 -0.3772519397625892
 
-0.3490904569353675 -0.3777519368253961
 
-0.3456318033957459 -0.3782235431064505
 
-0.34182118219496466 -0.3786954002689849
 
-0.33557108144007264 -0.37933933982985696
 
-0.3319229446358477 -0.3796925056128142
 
-0.3275758371297831 -0.38006833145997143
 
-0.32305037317268553 -0.380403463598964
 
-0.31887062194317434 -0.38067849639539997
 
-0.3146887527874502 -0.38091919069138286
 
-0.3101573619201098 -0.3811613360712002
 
-0.3059728448541775 -0.38135049289670114
 
-0.3021363578217396 -0.381508132890392
 
-0.29777635483163395 -0.3816783170933732
 
-0.29341538623673646 -0.3818216406817477
 
-0.28922832665172304 -0.3819420375723209
 
-0.2850412670667092 -0.3820624344628942
 
-0.2806790568752369 -0.38216097877821775
 
-0.276665645803077 -0.38224339887639014
 
-0.2724777385973454 -0.38232940245709174
 
-0.268638532275622 -0.38239247334512383
 
-0.2639266300571881 -0.3824602035922058
 
-0.25973855508641075 -0.38253760784829377
 
-0.2552011677649558 -0.382602829567706
 
-0.2511874520649723 -0.382668767314285
 
-0.24699922698672902 -0.38273757191941093
 
-0.2426363545622531 -0.3828002851111535
 
-0.23879702682871426 -0.38285547271988696
 
-0.23425994561037214 -0.38293932733064895
 
-0.22972286439202957 -0.38302318194141094
 
-0.225185783173687 -0.38310703655217293
 
-0.22134671445047444 -0.3831779904535869
 
-0.21715863947969663 -0.3832553947096749
 
-0.2133195707564836 -0.3833263486110889
 
-0.2093061596843246 -0.3834087687092612
 
-0.20546724474573683 -0.38348760532490433
 
-0.20127933754000477 -0.38357360890560593
 
-0.19726610416384985 -0.3836642696757036
 
-0.19325306540412068 -0.3837631707354866
 
-0.18958880884328355 -0.3838459479603584
 
-0.18540151087072274 -0.38395774719425685
 
-0.18156315439587487 -0.3840602298253304
 
-0.17772479792102744 -0.38416271245640393
 
-0.1738868946722071 -0.38428095699273684
 
-0.1695253742711515 -0.3844063704204173
 
-0.166036157950307 -0.3845067011625617
 
-0.16219801999737715 -0.3846170649789205
 
-0.15818566660088362 -0.38474068426690494
 
-0.15434776335206374 -0.38485892880323785
 
-0.15085876039859067 -0.3849664238362678
 
-0.1471955467788763 -0.38508681565050235
 
-0.14266013944018333 -0.3852358721824118
 
-0.13917136456426488 -0.3853505310531114
 
-0.13533371220075463 -0.385476655810881
 
-0.13149605983724438 -0.38560278056865055
 
-0.12765840747373458 -0.38572890532642007
 
-0.12399544878013477 -0.38585681866261706
 
-0.12050691669099207 -0.38597864088756656
 
-0.11684370307127862 -0.3860990327018011
 
-0.11300605070776835 -0.3862251574595707
 
-0.10951727583185035 -0.3863398163302703
 
-0.1060285009559319 -0.3864544752009699
 
-0.1025397260800139 -0.38656913407166954
 
-0.09887676738641409 -0.38669704740786653
 
-0.09416692130392477 -0.386851836883311
 
-0.08945740298358185 -0.38701629688699285
 
-0.08439867941350074 -0.38718255224950726
 
-0.07934030788424404 -0.38735919447568407
 
-0.07410680345403466 -0.3875204370252289
 
-0.07044358983432031 -0.3876408288394635
 
-0.06712903702852131 -0.3877429491208419
 
-0.06398893437039595 -0.38783969465056883
 
-0.06049993141692332 -0.38794718968359876
 
-0.056662028168102986 -0.38806543421993167
 
-0.053521925509977177 -0.3881621797496586
 
-0.05003292255650455 -0.38826967478268853
 
-0.04654391960303148 -0.38837716981571846
 
-0.04305491664955885 -0.3884846648487484
 
-0.03991481399143304 -0.3885814103784753
 
-0.036774711333307675 -0.38867815590820226
 
-0.03346037520118557 -0.38878708183536687
 
-0.029796922100038866 -0.3888999516200483
 
-0.026831088227321047 -0.38898523275087105
 
-0.023342313351402594 -0.38909989162157066
 
-0.020202415963076384 -0.3892030846052003
 
-0.016887863157276944 -0.38930520488657877
 
-0.013747760499151135 -0.3894019504163057
 
-0.010607657841026213 -0.38949869594603265
 
-0.007467555182900404 -0.3895954414757596
 
-0.003978552229427332 -0.3897029365087895
 
-0.0006642160973052229 -0.3898118624359541
 
0.0028245587786127862 -0.38992652130665373
 
0.005790211289064965 -0.3900178920847292
 
0.009104547421187074 -0.3901268180118938
 
0.012419100226986515 -0.39022893829327227
 
0.015210302589764618 -0.3903149343196962
 
0.018350405247890427 -0.39041167984942315
 
0.021490507906015793 -0.3905084253791501
 
0.024630610564141602 -0.39060517090887703
 
0.02759606920867191 -0.3907026309489717
 
0.030561721719123643 -0.3907940017270471
 
0.03370182437724901 -0.39089074725677403
 
0.036667658249967275 -0.39097602838759676
 
0.039633310760419455 -0.39106739916567224
 
0.04259914463313683 -0.3911526802964949
 
0.04573943932189732 -0.39124297796442487
 
0.04853081237857336 -0.3913232425581404
 
0.051671107067333404 -0.39141354022607033
 
0.05481140175609389 -0.3915038378940003
 
0.05795169644485438 -0.39159413556193023
 
0.06091769917541785 -0.3916733266859416
 
0.06370923115712551 -0.3917478595085406
 
0.06667506502984333 -0.3918331406393633
 
0.06964106776040768 -0.3919123317633747
 
0.0724325997421149 -0.39198686458597365
 
0.07522413172382256 -0.3920613974085726
 
0.07819029080710065 -0.3921344981918905
 
0.08115629353766456 -0.3922136893159019
 
0.08377349272879228 -0.3922781900070647
 
0.08639055396164323 -0.3923480645282512
 
0.08935671304492177 -0.3924211653115691
 
0.09232271577548568 -0.3925003564355805
 
0.09511424775719333 -0.39257488925817946
 
0.09790577973890055 -0.3926494220807784
 
0.10052297893002828 -0.3927139227719412
 
0.10348898166059263 -0.3927931138959526
 
0.10593157214458644 -0.3928583301157267
 
0.10889740601730426 -0.39294361124654936
 
0.11168877907397985 -0.3930238758402648
 
0.1146547818045442 -0.3931030669642762
 
0.11709737228853802 -0.3931682831840503
 
0.11971428452917139 -0.39324353124065853
 
0.12320350085001633 -0.3933438619828029
 
0.12599487390669237 -0.39342412657651843
 
0.12843732533128352 -0.39349435809601946
 
0.13122869838795911 -0.3935746226897349
 
0.13402007144463515 -0.39365488728345044
 
0.13663713267748612 -0.39372476180463695
 
0.1392540449181195 -0.39380000986124525
 
0.14204541797479509 -0.39388027445496077
 
0.145011420705359 -0.39395946557897216
 
0.14745401118935325 -0.3940246817987462
 
0.14989660167334706 -0.3940898980185203
 
0.15233919215734132 -0.39415511423829436
 
0.15513072413904852 -0.3942296470608933
 
0.15757331462304233 -0.3942948632806674
 
0.15984155392202012 -0.39435076387967516
 
0.16210967365715678 -0.3944113217980368
 
0.16472687284828494 -0.3944758224891996
 
0.16716959209333748 -0.39453602313428493
 
0.16961231133839047 -0.39459622377937026
 
0.17170607069129265 -0.3946478243323005
 
0.174497749828496 -0.39471662506954086
 
0.17659150918139818 -0.3947682256224711
 
0.17903422842645117 -0.39482842626755643
 
0.18130257772601674 -0.3948796693115247
 
0.183919776917144 -0.3949441700026875
 
0.18618789665228155 -0.3950047279210492
 
0.1884561359512589 -0.39506062852005697
 
0.19054989530416153 -0.39511222907298726
 
0.1931669565370125 -0.3951821035941738
 
0.1954351958359894 -0.39523800419318156
 
0.19752895518889202 -0.39528960474611186
 
0.19962271454179376 -0.3953412052990421
 
0.2020654337868472 -0.3954014059441274
 
0.2045081530318993 -0.3954616065892127
 
0.2066019123848019 -0.395513207142143
 
0.20887026168436792 -0.39556445018611125
 
0.21113850098334527 -0.39562035078511903
 
0.21358122022839782 -0.39568055143020436
 
0.21567497958130044 -0.39573215198313466
 
0.21776873893420262 -0.3957837525360649
 
0.22021145817925472 -0.3958439531811502
 
0.22265417742430815 -0.3959041538262355
 
0.22474793677721078 -0.3959557543791658
 
0.22666730926145767 -0.39599911387790815
 
0.22893554856043546 -0.39605501447691593
 
0.2310293079133381 -0.39610661502984623
 
0.23312306726624027 -0.3961582155827765
 
0.23556578651129237 -0.39621841622786175
 
0.237659545864195 -0.39627001678079204
 
0.2404512250013979 -0.3963388175180324
 
0.24237040323882206 -0.3963900588335692
 
0.24446405222510292 -0.39644595845051844
 
0.2465577012113829 -0.3965018580674676
 
0.2488259405103607 -0.3965577586664754
 
0.25057073997111207 -0.3966007591272506
 
0.2526644993240147 -0.3966523596801809
 
0.2547582586769173 -0.3967039602331112
 
0.2568520180298195 -0.39675556078604146
 
0.25894577738272123 -0.3968071613389717
 
0.26069057684347346 -0.3968501617997469
 
0.26278433619637565 -0.3969017623526772
 
0.26487809554927827 -0.3969533629056075
 
0.2669718549021809 -0.3970049634585378
 
0.26871665436293224 -0.397047963919313
 
0.27081041371583486 -0.3970995644722433
 
0.27290417306873704 -0.39715116502517356
 
0.2748235455529848 -0.3971945245239159
 
0.2767428249598127 -0.39724182503076866
 
0.27866219744406007 -0.397285184529511
 
0.28110503515128454 -0.3973403693460922
 
0.28284991922787345 -0.3973797870722216
 
0.2847691986347009 -0.39742708757907436
 
0.28651399809545225 -0.39747008803984957
 
0.2886077574483549 -0.39752168859277986
 
0.29052712993260266 -0.39756504809152227
 
0.2924464093394301 -0.397612348598375
 
0.29436578182367834 -0.3976557080971174
 
0.29611066590026724 -0.39769512582324684
 
0.29785554997685615 -0.39773454354937626
 
0.29960043405344505 -0.3977739612755057
 
0.3013453181300344 -0.3978133790016351
 
0.30309020220662286 -0.3978527967277645
 
0.3048350862832122 -0.39789221445389394
 
0.30657997035980156 -0.39793163218002336
 
0.3084992497666281 -0.3979789326868761
 
0.3104186222508759 -0.3980222921856185
 
0.3118145295121475 -0.3980538263665221
 
0.3135594135887364 -0.3980932440926515
 
0.3156532744806435 -0.39814054536400684
 
0.3184450890031853 -0.3982036137258139
 
0.3205389498950924 -0.39825091499716925
 
0.3229817876023169 -0.3983060998137504
 
0.32542462530954136 -0.3983612846303316
 
0.3268205325708125 -0.3983928188112351
 
0.32856541664740185 -0.39843223653736454
 
0.329961323908673 -0.3984637707182681
 
0.3317062079852619 -0.3985031884443975
 
0.3332766731874113 -0.3985354397871606
 
0.33484706885634175 -0.3985709157406771
 
0.33659195293293065 -0.3986103334668065
 
0.33816241813508 -0.3986425848095696
 
0.33973281380401005 -0.3986780607630861
 
0.3414776978805994 -0.3987174784892155
 
0.34287360514187054 -0.39874901267011903
 
0.34461848921845945 -0.39878843039624845
 
0.34601439647973103 -0.398819964577152
 
0.3475847159944072 -0.3988586649918497
 
0.3491551116633377 -0.3988941409453662
 
0.35089999573992703 -0.3989335586714956
 
0.35229590300119773 -0.3989650928523991
 
0.3536918102624693 -0.3989966270333027
 
0.35526239466681053 -0.3990224287602249
 
0.35700772391880475 -0.3990224287602249
 
0.3582292457852819 -0.39899985251886594
 
0.3594497299295122 -0.39894468177809483
 
0.36031987729127496 -0.39887844645304854
 
0.361187183003267 -0.3987818837717902
 
0.36187769921006435 -0.39867904778679686
 
0.36222055525466956 -0.39861349856412903
 
0.36273061303399406 -0.398495190747151
 
0.36306595839591754 -0.39839828638114316
 
0.3632311567481992 -0.3983419725606185
 
0.36339351239052614 -0.3982779226786257
 
0.36339351239052614 -0.3982779226786257
 
0.363703385431728 -0.3981172190188936
 
0.3640056853257666 -0.3979426860936944
 
0.3641521584681893 -0.39784777897843254
 
0.3645776465466515 -0.3975426305344007
 
0.36485004574199464 -0.39732435170745894
 
0.3652427318723553 -0.3969780089858227
 
0.3657429299847119 -0.3964909877131317
 
0.36610198451053194 -0.39610988992345475
 
0.3665572894149271 -0.3955806590516306
 
0.3672070795782457 -0.39475944321222706
 
0.36782260685507556 -0.3939122425968416
 
0.3684064084307734 -0.3930428759127291
 
0.3692250837303771 -0.3917022895283091
 
0.36991326045953793 -0.39048739682684275
 
0.37071677875819775 -0.3889380316208351
 
0.3715406311844346 -0.3872039214861544
 
0.37224396676937954 -0.3856065820567228
 
0.3729704638317879 -0.3838294853239222
 
0.37371500209199787 -0.38187189659693854
 
0.3745800330692574 -0.3794009426609901
 
0.37533987410112946 -0.37707862850607815
 
0.37609758674587046 -0.3745726828775375
 
0.37685076139932067 -0.3718836432928644
 
0.37767280994746333 -0.3686710236392486
 
0.37832052995316023 -0.3659546538667841
 
0.37895528218891267 -0.36305628656241345
 
0.37964593905672933 -0.35963463639291854
 
0.3806810015305385 -0.3539688193565075
 
0.38195810842257494 -0.34551260031505093
 
0.3829283565562081 -0.33754292876685976
 
0.38336106725225005 -0.3337276640878094
 
0.3837724730828072 -0.3297345441610727
 
0.38413460798029797 -0.3259119349168913
 
0.3846500857141549 -0.31964993042070555
 
0.3849852178531475 -0.3151244664636071
 
0.3852602506495834 -0.3109447152340968
 
0.38553960518024605 -0.3064154660000867
 
0.3857631239923851 -0.30223264366100316
 
0.38596946355112305 -0.29804893868022214
 
0.38617438344541577 -0.29351571185879505
 
0.3863549625372248 -0.28863212742695804
 
0.3864925531820643 -0.28444559757585597
 
0.38662692197335174 -0.2800843438840152
 
0.38673872120725017 -0.2758970459114539
 
0.3868490908404126 -0.271011370497005
 
0.3869436933831232 -0.2668236487131912
 
0.38702754799388517 -0.26228656749484863
 
0.387099219457558 -0.25792383303834526
 
0.38717949149687153 -0.25303757044706104
 
0.3872422046886141 -0.24867469802258513
 
0.3872959593440177 -0.24431170602469088
 
0.38734756381320523 -0.24012323370671193
 
0.3874152940602872 -0.23541133148827845
 
0.38747549872436005 -0.23122297396078156
 
0.3875357033884329 -0.22703461643328468
 
0.38760594216318456 -0.2221481993178726
 
0.3876661468272574 -0.21795984179037528
 
0.3877263514913303 -0.21377148426287884
 
0.38778655615540314 -0.20958312673538196
 
0.3878567949301548 -0.20469670961996944
 
0.3879399338280153 -0.19963593765042462
 
0.38799762996441844 -0.19562209501990718
 
0.38806930142809126 -0.19125936056340334
 
0.38816963893890977 -0.18637346882338313
 
0.3882438180176608 -0.18235989697638771
 
0.38832122227374877 -0.1781718220056099
 
0.38839862652983675 -0.173983747034833
 
0.38848248114059875 -0.16944666581648998
 
0.3885649012387711 -0.16543325474433052
 
0.3886509048194727 -0.16124534753859845
 
0.3887541059253332 -0.1570578288327932
 
0.3888605337858827 -0.15234664182600363
 
0.38894725278336745 -0.14850789685750762
 
0.38905905201726587 -0.1443205988849468
 
0.38915795307704887 -0.14030756012521764
 
0.38927441061235973 -0.13594579140379967
 
0.38938979096582577 -0.1319331926348276
 
0.38949693189831175 -0.12792036541112395
 
0.3896646307491594 -0.12163941845228184
 
0.38976711338023295 -0.11780106197743442
 
0.38986959601130655 -0.11396270550258657
 
0.38999859005094245 -0.10977590195841941
 
0.3901240034786229 -0.1054143815573638
 
0.390221827808284 -0.10175049583137263
 
0.39033720816175005 -0.09773789706240057
 
0.3904722989027106 -0.09267824534555626
 
0.39058767925617666 -0.08866564657658509
 
0.39068228026988217 -0.08482708776293109
 
0.3907768812835877 -0.08098852894927665
 
0.39087470561324883 -0.07732464322328549
 
0.3909736066730318 -0.0733116044635563
 
0.39106820768673733 -0.06947304564990231
 
0.39115098491160916 -0.06580878908906518
 
0.39125347099954566 -0.061272090489933595
 
0.3913437719671736 -0.05760801162235478
 
0.39142654919204545 -0.05394375506151765
 
0.3915053846443043 -0.050453986908339854
 
0.39159998718701494 -0.04626626512452561
 
0.3916902881546429 -0.0426021862569468
 
0.3917848891683484 -0.03876362744329325
 
0.3918794901820539 -0.03492506862963837
 
0.39197409119575943 -0.03108650981598438
 
0.39205686842063125 -0.027422253255147692
 
0.3921471693882592 -0.023758174387568436
 
0.39223317030980964 -0.020268575466064805
 
0.39232777132351515 -0.016430016652410367
 
0.39242559565317625 -0.012766130926419206
 
0.3925158966208042 -0.009102052058840394
 
0.3926104976345097 -0.0052634932451864
 
0.3927083219641709 -0.0015996075191952383
 
0.39279862293179885 0.0020644713483840183
 
0.39289322394550436 0.005903030162038456
 
0.39302222532783004 0.011137428544293901
 
0.3931426266180007 0.016022867034399427
 
0.39327771735896133 0.021082518751244197
 
0.3934038540825755 0.02666614779632867
 
0.3934719402506309 0.029981574334199974
 
0.39354683393027684 0.03329685407971888
 
0.39361492009833227 0.03661228061759018
 
0.3936865897489169 0.04010220328903318
 
0.3938560859712735 0.04760520481836589
 
0.3939456730345043 0.05196760815767009
 
0.3940005010492333 0.05493416126197071
 
0.3940685872172887 0.05824958779984201
 
0.3941330899028149 0.06139051820414027
 
0.3942047595533996 0.06488044087558417
 
0.3942595875681286 0.06784699397988479
 
0.3943176407601946 0.07098805020796825
 
0.3943821443069346 0.07447811268361604
 
0.39445309820834856 0.0783171814068295
 
0.39450470104574054 0.08110923138734684
 
0.3945627542378065 0.08425028761542985
 
0.39462080742987254 0.08739134384351376
 
0.3946853109766125 0.09088140631916154
 
0.3947369138140045 0.09367345629968066
 
0.39479783301700144 0.09663989057040633
 
0.39486233570252766 0.09978082097470592
 
0.39493006442660467 0.10344538657413654
 
0.3949909836296016 0.10641182084486266
 
0.3950554863151278 0.1095527512491618
 
0.39511031432985677 0.11251930435346198
 
0.3951784004979122 0.11583473089133328
 
0.39523573621837993 0.11862666902848858
 
0.39529307193884766 0.12141860716564298
 
0.3953575746243738 0.12455953756994169
 
0.39542924427495846 0.1280494602413847
 
0.3954865799954262 0.13084139837853953
 
0.3955535901298462 0.13380770130874065
 
0.3956166584916533 0.13659951583128332
 
0.39567757769465023 0.1395659501020099
 
0.3957445878290703 0.1425322530322119
 
0.39580550703206724 0.14549868730293802
 
0.39586284275253497 0.14829062544009242
 
0.39592734543806113 0.15143155584439114
 
0.3959864720272553 0.15404888195927494
 
0.39604739123025223 0.15701531623000106
 
0.39609576889030723 0.1596328630867378
 
0.3961473717276992 0.16242491306725648
 
0.39620112396563767 0.16504235507083873
 
0.3962624023350406 0.16835791442270412
 
0.3963140051724326 0.17114996440322236
 
0.39636847548482396 0.17446564259016492
 
0.39640861150448076 0.17690877388580725
 
0.3964544812412314 0.1797009239379694
 
0.3964946172608882 0.18214405523361174
 
0.39654048699763883 0.1849362052857739
 
0.39657811491268435 0.18755392874045962
 
0.39662111779088804 0.19017156941436164
 
0.39666125381054484 0.19261470071000353
 
0.3967071235472954 0.19540685076216657
 
0.396752993284046 0.19819900081432784
 
0.3967931293037028 0.20064213210997017
 
0.3968415069637578 0.20325967896670646
 
0.39689024355905533 0.2062263383971292
 
0.39693862121911033 0.2088438852538646
 
0.39698377370182836 0.2112869289868185
 
0.3970375259397669 0.2139043709904012
 
0.3970923539544958 0.21687092409470182
 
0.3971375064372138 0.21931396782765528
 
0.39718265891993176 0.22175701156060873
 
0.39722781140264973 0.22420005529356218
 
0.39727941424004176 0.22699210527408087
 
0.39732456672275973 0.22943514900703432
 
0.3973697192054777 0.23187819273998778
 
0.39741630447835774 0.23414664247642616
 
0.39747113249308674 0.2371131955807268
 
0.3975162849758047 0.23955623931368025
 
0.39756287024868475 0.24182468905011864
 
0.39760479755406575 0.2440932296592897
 
0.3976499500367838 0.2465362733922436
 
0.3976872191978936 0.2488048953096249
 
0.3977291465032746 0.2510734359187973
 
0.3977742989859926 0.2535164796517508
 
0.39781945146871056 0.2559595233847038
 
0.3978581535967546 0.2580535608700929
 
0.39789542275786444 0.2603221827874751
 
0.39793735006324543 0.2625907233966462
 
0.3979825025459634 0.26503376712959964
 
0.39802765502868137 0.2674768108625531
 
0.3980663571567254 0.2695708483479422
 
0.3981014765441012 0.27201405690564845
 
0.39813659593147704 0.2744572654633547
 
0.3981666982635135 0.2765514442271029
 
0.3981968005955499 0.2786456229908516
 
0.39823406975665976 0.2809142449082338
 
0.3982666806163659 0.2831829385689606
 
0.3982967829484023 0.28527711733270883
 
0.39833405210951217 0.2875457392500906
 
0.3983666629692183 0.2898144329108178
 
0.39840393213032815 0.29208305482820046
 
0.3984365429900343 0.29435174848892726
 
0.3984666453220707 0.29644592725267593
 
0.39849674765410714 0.29854010601642417
 
0.39852684998614357 0.3006342847801724
 
0.39855695231818 0.3027284635439211
 
0.39858705465021643 0.3048226423076693
 
0.39861859009423245 0.30674224546853035
 
0.39865872611388925 0.30918537676417357
 
0.3986931284164522 0.3112794893032943
 
0.3987275307190152 0.31337360184241636
 
0.3987551245233819 0.3152932657091856
 
0.39879239368449176 0.3175618876265678
 
0.3988267959870547 0.3196560001656894
 
0.3988687232924357 0.3219245407748605
 
0.3989002587364518 0.3238441439357224
 
0.3989403947561086 0.3262872752313643
 
0.3989690633415777 0.32803236901396565
 
0.3990034656441407 0.3301264815530877
 
0.3990310594485074 0.33204614541985694
 
0.39906116178054385 0.3341403241836052
 
0.3990862470572409 0.33588547315339623
 
0.3991113323339379 0.33763062212318595
 
0.39914143466597435 0.3397248008869342
 
0.39917297010999037 0.34164440404779567
 
0.39920844706069736 0.34356393840940197
 
0.3992399825047134 0.3454835415702639
 
0.3992686510901825 0.3472286353528648
 
0.39929731967565163 0.34897372913546704
 
0.3993317219782146 0.35106784167458865
 
