0.0 0.0
 
0.0 0.0
 
0.0004886921872383582 5.696462809079654e-08
 
0.000977383307005995 1.0799861493487386e-06
 
0.0017103858688284823 8.316896085557255e-06
 
0.002443058927987186 3.1453812189071455e-05
 
0.003906556894626998 0.00011836880316387288
 
0.0048796725475801685 0.00020961656712904092
 
0.006332595943795665 0.0004055607396492644
 
0.008252838129349729 0.0007713350725692205
 
0.009678362926622377 0.001113766914511204
 
0.011319987846777088 0.0015939890726407316
 
0.013166009170166127 0.002236893565856845
 
0.015205181150762671 0.0030602305503800403
 
0.017420399863896402 0.004091398568116051
 
0.021263427777165913 0.006230454687989153
 
0.02496884572456124 0.00859990662066381
 
0.028729141942155093 0.011322714456405765
 
0.03160402508608809 0.013596186497431079
 
0.03439066503570147 0.015976998544572248
 
0.0376211439769835 0.018961697932461857
 
0.040062294744904525 0.021358146497902953
 
0.042599375670544094 0.024003302181289043
 
0.04507655352854046 0.026704638530662524
 
0.047824155610003104 0.02981999275263157
 
0.050219355681821364 0.03259427551193274
 
0.05259137054597375 0.03538840752327973
 
0.0554215293301645 0.03875510113607006
 
0.05761619520908653 0.041379148482903104
 
0.05996359166018334 0.04419399450248783
 
0.0624640673832282 0.04719934054141266
 
0.064657569323376 0.049824360929351365
 
0.06670121469989905 0.05225616293363359
 
0.06907218449162426 0.055051181799280174
 
0.07177811499279808 0.058202798725433394
 
0.07385882783046663 0.06060296153244801
 
0.07611061678714537 0.06317815653343452
 
0.07837469674856858 0.06574255212047019
 
0.08065053858866543 0.06829651506409147
 
0.08277480424193008 0.07065821844245529
 
0.08523987794600067 0.07337060481723552
 
0.0875522717616156 0.07589152084916359
 
0.08971051670067544 0.07822221306308583
 
0.0918789123787296 0.08054346436279704
 
0.09422426395717974 0.08303374723267093
 
0.09641000737728508 0.0853386709004919
 
0.0986032200369157 0.08763648848303644
 
0.1008019593947441 0.08992901823188408
 
0.10334825297943925 0.09256530675803859
 
0.10539236550112835 0.09466747850524052
 
0.10744045418201549 0.096765776580177
 
0.10983585160695969 0.09920795879596203
 
0.11206374157849704 0.10147217028955939
 
0.11429273921585321 0.10373529135253313
 
0.11669590263376245 0.10616983204542556
 
0.11875675407890403 0.1082555965041116
 
0.12081752639970389 0.11034143913908796
 
0.12287984039281029 0.11242575750486074
 
0.12494151825989899 0.11451070508895406
 
0.12683131189201594 0.11642198391625055
 
0.12889388251718978 0.11850604832797827
 
0.13130077976008447 0.12093689765705484
 
0.13301991965671633 0.12267329030954682
 
0.1349118621349412 0.12458244205489079
 
0.13697571128549804 0.1266652403504072
 
0.1393827158052243 0.12909598345500373
 
0.14127339381011184 0.13100638744617837
 
0.14316259302151793 0.1329182538293978
 
0.14745351436139498 0.13726608409044286
 
0.1519129672649646 0.14179089010318022
 
0.15499466879822507 0.14492896917898995
 
0.15670621977076865 0.1466728426538168
 
0.15944333872377786 0.1494643769080032
 
0.16200713379551285 0.15208364837975658
 
0.16371625661106523 0.15382990169161534
 
0.1655957351358641 0.15575132491477087
 
0.16747418987668294 0.15767374903924414
 
0.16918104531209174 0.15942221864162073
 
0.1708873975110333 0.1611711793618733
 
0.17259367447942406 0.16292021347673757
 
0.17446999961604234 0.16484471619415725
 
0.17600550637215404 0.16641898591643142
 
0.1778812244371662 0.16834408032145384
 
0.17958587875535748 0.17009469595125146
 
0.1812908911916454 0.17184496279374226
 
0.1829953687447533 0.1735957505303828
 
0.1848702017690293 0.17552170687951058
 
0.1864036936138454 0.17709793938723783
 
0.1881079278527795 0.17884896396920813
 
0.18947125730180808 0.18024984002625813
 
0.19117451339073147 0.1820018160886987
 
0.19287695955874617 0.1837545791853069
 
0.1944086745514965 0.18533253841720032
 
0.19611006686759921 0.18708632449723578
 
0.19764082211298278 0.18866521478324827
 
0.19900048549666727 0.19006964933027135
 
0.20052964463703377 0.19165008549790585
 
0.20205873797692328 0.19323058532847828
 
0.20358672933884678 0.19481215055142062
 
0.2049448866783234 0.19621804156961176
 
0.20664295250550155 0.1979750486482512
 
0.20800096342271196 0.19938108110255018
 
0.20952866293461608 0.20096292823734596
 
0.21105669654745002 0.202544452639492
 
0.2124142203968803 0.20395095536328328
 
0.21377168491927992 0.20535751534573377
 
0.2151290946485319 0.20676412820673584
 
0.21682445100648012 0.2085237498272509
 
0.21801178724903364 0.2097549193309142
 
0.2193693618554707 0.21116137306344915
 
0.2207272358536202 0.21256753774760034
 
0.22208505287074873 0.21397375745369207
 
0.2234428110224693 0.21538003399663824
 
0.22480051433071674 0.21678636348881938
 
0.2261575031335328 0.21819338243070904
 
0.22751443263455345 0.2196004585633558
 
0.22870085703034637 0.2208325067980849
 
0.23022618579018914 0.2224166401040066
 
0.23158159455884375 0.22382518118741826
 
0.23276695751388465 0.22505825067631505
 
0.233951757162859 0.22629186142992494
 
0.23530538240148113 0.2277021165937764
 
0.23648886426322901 0.22893699164111742
 
0.23784100835495464 0.23034866698233997
 
0.23885507449507865 0.23140746364717651
 
0.24020675080935322 0.2328195868908184
 
0.24138941749278137 0.23405524267441694
 
0.24257174092074416 0.2352912269021973
 
0.2435853818865468 0.23635043061558852
 
0.24476758249380876 0.23758653232006957
 
0.24595004139946566 0.23882238693775895
 
0.24713191840943652 0.24005879804776006
 
0.24848294126831302 0.2414715464855923
 
0.24949645509754062 0.24253087185203037
 
0.2508477355115554 0.24394337394282697
 
0.25236784432365905 0.24553251690552694
 
0.25354956433855813 0.24676907806698165
 
0.2545624238798231 0.2478290290392835
 
0.25557497872389284 0.24888927108795256
 
0.25675656702754734 0.2501259581058753
 
0.2579384212360365 0.2513623910112559
 
0.2591202196896263 0.25259887720799423
 
0.2603019612030599 0.2538354178240109
 
0.261314841472636 0.25489534898852984
 
0.26232794502946977 0.25595506673262297
 
0.26401697946258973 0.25772075756387136
 
0.2653681274657589 0.25913338631458277
 
0.26672011560379627 0.2605452110163112
 
0.2680720158056778 0.2619571199219979
 
0.26942475385526204 0.2633682261132576
 
0.2704398051971587 0.2644260783181182
 
0.2714545511321353 0.2654842234884344
 
0.2726387042801328 0.2667184548369746
 
0.27348449424677385 0.26760008099883925
 
0.27449886390070094 0.26865858688885913
 
0.27551370382507606 0.2697166419166858
 
0.27635915902099867 0.2705985891195514
 
0.27737292022122273 0.2716576777574545
 
0.2782179083685446 0.2725400724468313
 
0.27923157381521324 0.2735992527318844
 
0.28007647779964995 0.27448172800861326
 
0.2812592968520046 0.275717237939378
 
0.282103875174569 0.27660002489782803
 
0.2829486257679208 0.27748264700948544
 
0.2837931202524125 0.27836551416971844
 
0.28463734574456867 0.279248638552435
 
0.28565091677634596 0.28030790918714404
 
0.28649573797150035 0.2811904637209678
 
0.28734052597725074 0.2820730500239973
 
0.2883545243747981 0.2831319115653645
 
0.28903003316582404 0.2838382883074064
 
0.29004278117081583 0.2848983458494295
 
0.29071828589253024 0.2856047264829358
 
0.2917310127213296 0.2866648042556699
 
0.2924059496411425 0.28737172743588435
 
0.29341905462045476 0.28843144382006825
 
0.2940942279520127 0.2891381412099064
 
0.29510719984555045 0.2901979848101218
 
0.29578283656361626 0.2909042391932249
 
0.29645813762364154 0.2916108145301706
 
0.2974713336477117 0.29267044386669516
 
0.29814710926797067 0.2933765653431529
 
0.2988226915961676 0.2940828717541949
 
0.2998360160172004 0.29514237830526174
 
0.30051170586538095 0.2958485818577287
 
0.3013562832452259 0.29673136971809444
 
0.30203225040955767 0.2974373078323766
 
0.3028771715067532 0.29831976672460264
 
0.30355308161107086 0.29902575947196786
 
0.30422913277042196 0.2997316171477009
 
0.3050741585889675 0.30061397576127374
 
0.305750152034943 0.30131988870877463
 
0.3064262930354179 0.30202566032617506
 
0.3072714353159792 0.30290790739052975
 
0.3081165412028118 0.30379018931655777
 
0.30879294847302285 0.3044957057467398
 
0.3094693280820353 0.3052012486957963
 
0.31014567791211445 0.3059068201916796
 
0.31082217762919645 0.30661224797766423
 
0.3114988530691032 0.30731750720481277
 
0.31217550123682275 0.30802279259780824
 
0.31302152351523915 0.3089041958320762
 
0.3135291165532678 0.3094330572848676
 
0.3142058810801957 0.31013823102483756
 
0.31505179432080377 0.3110197389070024
 
0.3155593226997059 0.31154866241102996
 
0.31623599900959865 0.3122539208034515
 
0.3169128214448648 0.3129590389634584
 
0.31758961317199264 0.31366418659803047
 
0.31826637348244297 0.31436936438458524
 
0.31894293082886593 0.3150747368999643
 
0.31961927882150465 0.31578031015718483
 
0.3202954257283762 0.3164860761161111
 
0.3208025159363106 0.31701541971862346
 
0.3214786091094329 0.3177212371523191
 
0.32215448309114847 0.31842726448131636
 
0.32266136831259257 0.3189568043766833
 
0.3231682339685474 0.31948636299979993
 
0.3238440270333158 0.32019246778102023
 
0.32435085076537995 0.32072206652830004
 
0.3250264112460421 0.32142839383586963
 
0.3255331904510081 0.32195803519180577
 
0.3262088655831183 0.3226642528241961
 
0.32671560170848407 0.32319393539683094
 
0.3272223177592746 0.3237236371736592
 
0.3277290126653349 0.32425335917686116
 
0.3284045754746883 0.3249596842571675
 
0.32891122656243765 0.3254894481704214
 
0.3292488317711863 0.325842779148597
 
0.3299240140354364 0.3265494680041008
 
0.33043037858287455 0.3270795058080369
 
0.3309367228427824 0.32760956299265215
 
0.33144304800165847 0.3281396384231267
 
0.3319494924779882 0.3286695998565337
 
0.3324560452305543 0.3291994577972797
 
0.33296257709372157 0.32972933570784024
 
0.3336380962985529 0.3304357024910027
 
0.3339758404729934 0.33078890063616234
 
0.33465130224649325 0.3314953223381164
 
0.33498901961507954 0.3318485461143092
 
0.3354955738535223 0.33237840263452906
 
0.33600210743781334 0.33290827889979197
 
0.33633970242286837 0.33326161964635037
 
0.336845839395289 0.3337918747676388
 
0.337352248057694 0.33432187042341815
 
0.3378587638899303 0.334851763658134
 
0.33836525930323635 0.3353816764102015
 
0.3387030832866561 0.3357347982211098
 
0.33937888409641037 0.33644089558974016
 
0.33971677094263003 0.3367939572504518
 
0.3400547295891691 0.3371469501828772
 
0.3405616455977788 0.3376764606064942
 
0.34106854212033366 0.3382059896840013
 
0.34140654648358737 0.3385589388411532
 
0.3417444517724415 0.33891198285098356
 
0.3422512877626499 0.33944156986699997
 
0.3425891643753352 0.33979464132111825
 
0.34292694646012467 0.3401478032107778
 
0.34360229252093594 0.34085433553601013
 
0.3439399520168496 0.34120761463521065
 
0.3442775985173448 0.34156090615480345
 
0.34478391404124803 0.3420909907883842
 
0.3451214436995817 0.3424443939389897
 
0.3456277161165074 0.34297451974327015
 
0.3459652175461484 0.34332794985248977
 
0.3463027059721653 0.3436813923788183
 
0.3468092088624617 0.3442112979842095
 
0.3471468642455536 0.3445645810143453
 
0.34765332583704217 0.3450945260915473
 
0.34799104235344164 0.3454477506825142
 
0.34866613852985673 0.3461545217777359
 
0.34900367123547316 0.3465079220179056
 
0.349509948752658 0.3470380429513698
 
0.3498473661241965 0.3473915533111854
 
0.3501847700945814 0.347745076461603
 
0.35052216096873234 0.34809861211065757
 
0.3508595365940529 0.3484521623115519
 
0.3515342540089484 0.34915929499958703
 
0.35187151532887523 0.3495129542412222
 
0.35220885438644517 0.3498665393333156
 
0.35254627907401237 0.35022004271000795
 
0.35288377235101864 0.35057348060425303
 
0.35322133967668473 0.35092684777555716
 
0.35338961339260117 0.35110401710363015
 
0.3537228067593341 0.35146151149166704
 
0.35323807394862994 0.35091162129287223
 
0.35277705752657107 0.3503417011343448
 
0.3520577531658149 0.3493541655179988
 
0.3516572934429497 0.34874018087742026
 
0.3511595920811174 0.34789900694601167
 
0.3505831803006652 0.3468217999945344
 
0.35006211774630697 0.34571675738386254
 
0.34978098211268077 0.34503977297930866
 
0.3493638835336345 0.34389144631310575
 
0.3491504544280628 0.3431901666646069
 
0.34885172240412965 0.3420055213443394
 
0.3487547540730929 0.3415265461885236
 
0.34864843262973627 0.3408012594320017
 
0.34855504921578423 0.33982834640071374
 
0.34854431370220884 0.33958423625543815
 
0.34854703454996294 0.33933990530924907
 
0.34856204078794806 0.3390960204448155
 
0.3485904454605843 0.33885333095420944
 
0.34854803707282916 0.3390939687378724
 
0.34849062726975616 0.33933147479840425
 
0.34856188139543454 0.339097748753959
 
0.3483930355346855 0.3395563456711104
 
0.34819514024845444 0.34000317619021164
 
0.34797070049807965 0.3404372808499015
 
0.3475964296734807 0.34106757163863133
 
0.3471828346188988 0.3416727858646119
 
0.3467360352883725 0.34225391879841005
 
0.3459350909449001 0.34317647693512265
 
0.3450745930586568 0.3440437535603845
 
0.34398660054445407 0.34502642990743576
 
0.34284801667134956 0.34595001383860896
 
0.3412668958619632 0.3470994388687565
 
0.33943606262291237 0.348317698203759
 
0.33755606967878965 0.34945863320917464
 
0.3352038778208573 0.3507592100777748
 
0.3328049404501836 0.35197140074728456
 
0.33014523948810925 0.35320570737385715
 
0.3269923962385724 0.3545330212939143
 
0.32356885833728605 0.3558418438376721
 
0.31987415618597476 0.35711999080430507
 
0.31660955006156827 0.3581420131382168
 
0.31213628884481104 0.35938436745204366
 
0.30810487686221594 0.3603855999689879
 
0.3038097564584414 0.3613323656967237
 
0.29877058893697844 0.36230019935356655
 
0.29443488841809684 0.363039202490708
 
0.289843502492889 0.3637267237196394
 
0.2849981445683661 0.36436273652968354
 
0.2801427422778498 0.3649168793889973
 
0.27454990538884316 0.36546835748115564
 
0.26943680669375597 0.3658997888557474
 
0.2643186706284175 0.36626666010477815
 
0.25919643523228114 0.36657098861683546
 
0.2543151489967263 0.3668056168288243
 
0.2489430637614682 0.3670003657332311
 
0.24405822693596244 0.36714310640529435
 
0.23795142596861385 0.3672934921395349
 
0.2325770607005935 0.3674093579090381
 
0.2279353934787142 0.3675012031906787
 
0.22256067872949958 0.3675995305786289
 
0.21718582698438713 0.3676900602903678
 
0.21278821797486605 0.36776394956911607
 
0.20716916489945303 0.36786492030178986
 
0.20179460529805215 0.3679713909627101
 
0.19690895965616811 0.36808307074251273
 
0.1925121064309338 0.3681930995654757
 
0.18787126314365343 0.36831992124080365
 
0.1827422513854337 0.36847207143215116
 
0.17810201115593027 0.36861931533499726
 
0.1732180638480543 0.36878979819386987
 
0.16857883350352906 0.3689660138710007
 
0.16394002407972535 0.36915298254232654
 
0.15954576799312511 0.36933989982753995
 
0.1546636133402704 0.3695557045005343
 
0.15027017422378444 0.3697609296351229
 
0.14563306808856083 0.3699862224337206
 
0.14148453921706494 0.3701970715000305
 
0.13636053944632617 0.37047008733501735
 
0.13221293850273394 0.37069846320745053
 
0.12782185724959705 0.3709491224472298
 
0.12343137024700473 0.3712099835332542
 
0.11904122088011153 0.3714764664829959
 
0.11465149332739111 0.37174980992817275
 
0.11001819766043916 0.37204320627619475
 
0.10611673981908486 0.37229442404498114
 
0.10172787960988802 0.37258135729551967
 
0.09782712923576013 0.3728433309086152
 
0.09319541573453534 0.37316072687109797
 
0.08929542929635988 0.37343383753962905
 
0.08515184296079421 0.3737261411593661
 
0.08076467223763427 0.3740378424137479
 
0.07686495363184696 0.37431475115484214
 
0.07296536520503426 0.3745934871530313
 
0.06906576511244714 0.37487205989597744
 
0.0649223465167122 0.37516673169122583
 
0.06077891500577756 0.3754612218278918
 
0.05639158315279215 0.37577064683966926
 
0.05249172011940995 0.37604551403683534
 
0.04883528361805241 0.37629869445498254
 
0.04493473597166165 0.3765636693848412
 
0.041277725768191505 0.3768084235151636
 
0.037620450577758674 0.37704918562604967
 
0.03396287263126534 0.37728530377003394
 
0.030061181272495505 0.3775328682992357
 
0.026159357159734112 0.37777833163314267
 
0.022745152078628452 0.3779913726213996
 
0.01908706589977473 0.3782194816319037
 
0.015185096550300335 0.37846262531572317
 
0.012014649006699577 0.37865860946378405
 
0.008112549843577998 0.37889966086158766
 
0.004698042055678571 0.3791077939077387
 
0.0005519127366406052 0.37936148820450655
 
-0.0031065104958471947 0.37958412617203974
 
-0.006521142352505652 0.3797902137311479
 
-0.01457024959744593 0.38027045649101565
 
-0.022619404834324446 0.38074989420499405
 
-0.028229865273702068 0.38107652275754855
 
-0.031401183160318806 0.38125787951931933
 
-0.03481650492125054 0.38145219901867894
 
-0.039207908854890214 0.38169714006821714
 
-0.04359924330752151 0.38194332364051675
 
-0.04652684750365735 0.3821065894569879
 
-0.0501864198484381 0.38230946495060336
 
-0.05433378875325177 0.38254201665191406
 
-0.0587252227078677 0.382786418878541
 
-0.06384869500902325 0.38306916059101953
 
-0.06775244388586261 0.38328183019814377
 
-0.07092429763981947 0.38345356015046733
 
-0.07409623328839246 0.38362377076801424
 
-0.0767803282264851 0.3837649836957758
 
-0.07946452226471126 0.3839043002160188
 
-0.08288077776312297 0.3840814475222318
 
-0.0858090398549761 0.3842324547322456
 
-0.08849332015672698 0.38437009916291265
 
-0.09142167259195393 0.38451934416671696
 
-0.0941060363471331 0.3846553513633717
 
-0.09825469185076914 0.3848636939623503
 
-0.10142715631749301 0.38502374589264066
 
-0.10435563226775289 0.3851705473395327
 
-0.10704007382255491 0.3853050102210787
 
-0.10948051177618845 0.3854265175142107
 
-0.1124090811390547 0.3855714435054659
 
-0.11484953020141944 0.3856927274772918
 
-0.11753412127796556 0.3858241713032803
 
-0.12021875509485491 0.3859547392812673
 
-0.12265927756100481 0.38607453711111783
 
-0.12509977617096024 0.38619481995538474
 
-0.1277843628920208 0.3863263527070783
 
-0.1304689550868389 0.38645777369164075
 
-0.1329094982570942 0.3865771489903401
 
-0.13510599128046866 0.38668450146959105
 
-0.13779059980822242 0.386815588388745
 
-0.1402311579559502 0.38693465708899777
 
-0.14267177475277165 0.387052517510227
 
-0.14511239619171115 0.38717028176460055
 
-0.14755305215866713 0.3872873282458869
 
-0.1499937433216968 0.3874036384970607
 
-0.15194629988462183 0.3874966104411239
 
-0.1548752118618411 0.38763443890611415
 
-0.15780403723127898 0.3877740956689219
 
-0.16000068615890226 0.3878782092862082
 
-0.16244141214265223 0.3879937865333964
 
-0.16488208258955772 0.3881105306870918
 
-0.1673226959255821 0.38822846275160267
 
-0.1692751440679111 0.3883236844157372
 
-0.17171558503710482 0.38844513112709506
 
-0.1741559568901082 0.3885679588393085
 
-0.1763522437487606 0.38867944960594764
 
-0.1787925352331716 0.3888038638291293
 
-0.18074479574119728 0.3889028578825301
 
-0.18294112162191484 0.3890135772675684
 
-0.18513745199171996 0.38912420756723637
 
-0.18733378714364193 0.3892347428872333
 
-0.189530156156691 0.3893446033216528
 
-0.19148248811824117 0.3894421780402751
 
-0.19367886626694703 0.3895518556789326
 
-0.19587527761880597 0.3896608663662949
 
-0.1978276720636807 0.38975718274821775
 
-0.20002417130349318 0.3898644079599789
 
-0.2019766440665035 0.3899591234471312
 
-0.20417322733204818 0.39006461332372155
 
-0.2058817056328464 0.39014614611058585
 
-0.207834232253106 0.39023974478034845
 
-0.2097867390656046 0.3903337557422194
 
-0.21173924963255225 0.3904276886957628
 
-0.21369176417102237 0.39052153905999926
 
-0.21564425800564363 0.39061581917227817
 
-0.2178407593890413 0.39072300046385977
 
-0.21954913234279985 0.39080671157720653
 
-0.22150153700590916 0.390902820605261
 
-0.2232098738681947 0.3909872650520163
 
-0.2249181741846315 0.3910724456160754
 
-0.2268705214531252 0.39116971358104713
 
-0.22882284532567748 0.39126745001472396
 
-0.2307751473719956 0.3913656214654913
 
-0.23223935893116604 0.39143954726617375
 
-0.23443564846467732 0.3915509853275475
 
-0.23614381392465744 0.3916388287163846
 
-0.23785200576001878 0.39172615771063285
 
-0.23980417439705853 0.39182694722577605
 
-0.24151230137630975 0.3919155357260818
 
-0.2432203674285277 0.3920052912879779
 
-0.24468438846709034 0.39208289871456514
 
-0.2463924167433578 0.392173370296304
 
-0.24810042724820555 0.39226417676611997
 
-0.24956438109372883 0.39234304153767957
 
-0.25127233097039076 0.3924349812920952
 
-0.2529802847610412 0.39252684830812556
 
-0.2546882423278317 0.3926186450927887
 
-0.2561522090881225 0.39269726976308544
 
-0.2576161588181445 0.3927762108929442
 
-0.2590801114926692 0.3928550973985507
 
-0.26054408682171265 0.3929335623586682
 
-0.2620080853874944 0.3930115925669535
 
-0.2639600879940404 0.3931155480278068
 
-0.26542411315343045 0.39319307767818995
 
-0.26688817599370845 0.3932698924797024
 
-0.2683522419551702 0.39334664776945666
 
-0.2698163108084932 0.393423347878607
 
-0.2710363992880724 0.3934866681672422
 
-0.2725004891392389 0.3935629664092013
 
-0.2739645822189294 0.3936392026736563
 
-0.27542867838667756 0.3937153796097987
 
-0.27689275949708436 0.3937918453940742
 
-0.27835684390218035 0.3938682480692208
 
-0.2795769016438824 0.3939321578796429
 
-0.2807969301163572 0.3939966240204103
 
-0.28250501764547387 0.3940859699353011
 
-0.2837250661207138 0.3941500564004826
 
-0.28518912744021624 0.3942269001819634
 
-0.28640916647801146 0.39429116606101644
 
-0.2876291908547484 0.39435570966738265
 
-0.28909322302924 0.3944331067349474
 
-0.2900692336574159 0.39448490907214484
 
-0.2915332331067223 0.3945629227020181
 
-0.2929972362402439 0.3946408671633596
 
-0.29446122372687406 0.3947191049611629
 
-0.2954372175671234 0.39477122263807146
 
-0.2969012314920269 0.3948489641437431
 
-0.29787723051657755 0.3949009846447704
 
-0.29909723188618986 0.39496596167993886
 
-0.30031726521363816 0.3950303358740703
 
-0.3015373012818164 0.3950946581042784
 
-0.3027573552155774 0.39515864056804423
 
-0.3039774422404582 0.39522198888035187
 
-0.30519751630890984 0.3952855862422978
 
-0.3064176093966256 0.39534881767643354
 
-0.3073937085894394 0.3953989235068252
 
-0.3083698097763825 0.39544899047497767
 
-0.3095899388451429 0.39551152376627596
 
-0.3108100855127737 0.3955737127236884
 
-0.3117862047930937 0.39562342569019127
 
-0.31276231374351765 0.3956733410721253
 
-0.31373844751293467 0.395722768722835
 
-0.31520268441742205 0.39579619080093636
 
-0.3161788443226554 0.39584509957178726
 
-0.3171550193558856 0.3958937054659627
 
-0.31813120783169335 0.3959420406307136
 
-0.3193514135422648 0.3960030601427031
 
-0.32105967582251543 0.3960890001305154
 
-0.32227988654580914 0.3961499193205393
 
-0.323744117802381 0.3962234539470324
 
-0.32496433455051354 0.39628425233954045
 
-0.3259405098874212 0.39633285213444336
 
-0.32691667502359745 0.39638165639005046
 
-0.32813688371850463 0.3964426161950624
 
-0.3291130759331755 0.3964908757896242
 
-0.32984522150197354 0.39652704199751143
 
-0.33106545125650255 0.3965875787889464
 
-0.3320416507460822 0.3966356910014895
 
-0.33301785201206113 0.39668376715724296
 
-0.3339940553049099 0.39673180213910153
 
-0.3349702717601673 0.3967795688737184
 
-0.3359464902128435 0.39682729476926154
 
-0.33692272186286804 0.3968747499475005
 
-0.3378989553810892 0.3969221666782277
 
-0.3386311227231326 0.396957889384574
 
-0.3393632913915967 0.39699358489441855
 
-0.3403395065410593 0.39704137830830644
 
-0.3413157000803902 0.3970896111002593
 
-0.3422918831350237 0.39713805562830257
 
-0.3430240217931497 0.3971743614650458
 
-0.34400018459708953 0.39722321234687297
 
-0.3449763236931492 0.3972725346906408
 
-0.3457084294309936 0.39730949841771435
 
-0.3464405279701849 0.39734660444711545
 
-0.3474166613329313 0.3973960401284024
 
-0.3483927717487758 0.39744592684537944
 
-0.34888082794426895 0.3974708508730195
 
-0.3498569423495492 0.3975206594692225
 
-0.3508330586879199 0.39757043016759747
 
-0.3515651475095036 0.3976077274304434
 
-0.3522972377500969 0.39764499682984594
 
-0.35327339782414174 0.3976939022313072
 
-0.3542498192251097 0.39773727821754684
 
-0.3544939956088372 0.39774638359552106
 
-0.35522694007089084 0.39775811151300283
 
-0.35571550684487463 0.3977470406290323
 
-0.35620325072561143 0.39771661097381467
 
-0.3569320904510909 0.3976382669691501
 
-0.3569320904510907 0.39763826696915017
 
-0.3574100746608945 0.397536526356359
 
-0.35788153168762216 0.39740788604750554
 
-0.35811262578648917 0.39732851015855336
 
-0.35856449189998746 0.3971423997811297
 
-0.3592253708645728 0.3968252497808582
 
-0.3598663261702833 0.39646955127849215
 
-0.3602780780177455 0.3962063394375265
 
-0.3612663582782215 0.3954880585149703
 
-0.362022783051247 0.39486910634298594
 
-0.36308541297059094 0.3938590577458729
 
-0.36392260720602837 0.3929692649783674
 
-0.3651705501433846 0.39146468552253694
 
-0.36633012246094804 0.38989099147535206
 
-0.3675345838754498 0.3880510515694012
 
-0.3687643945353398 0.38593963802188364
 
-0.3698819259848819 0.3837667079983663
 
-0.37100840438728605 0.38132634877551014
 
-0.37222413561512474 0.37839170314193316
 
-0.3733350072166837 0.3754157811507066
 
-0.37449887053166653 0.37194028832282866
 
-0.37561947300325055 0.3681947931945584
 
-0.376732382441159 0.36393969540377236
 
-0.37771902638459276 0.35965355980687164
 
-0.37859499372864874 0.3553434431218756
 
-0.3795520807843417 0.3498055791906301
 
-0.38024529328435974 0.34521504909223755
 
-0.3809594628558691 0.33964065097438706
 
-0.3815453226940432 0.33429705713122676
 
-0.3820332683439486 0.32894363430527845
 
-0.3824580946131038 0.3233397539359093
 
-0.3828070940167595 0.3177306406397266
 
-0.3830987375690399 0.3116289541546402
 
-0.3833165099840623 0.3055241847815084
 
-0.38345716313048284 0.29941715189996315
 
-0.3835193389840678 0.2933088159492233
 
-0.3835325978318494 0.2874445246512747
 
-0.3835162861675861 0.28206893530309574
 
-0.38347573120996054 0.2759604175435012
 
-0.38342354114204974 0.2700963434971532
 
-0.383364667755363 0.2642323327409744
 
-0.3833088410248824 0.2583682921885563
 
-0.3832626510764271 0.2527485218158607
 
-0.3832294613991354 0.2473730101791914
 
-0.38320556880453893 0.24126440452259543
 
-0.3831978082183982 0.23564444968946127
 
-0.3832052105189062 0.2300244943729919
 
-0.383228837149317 0.2244045838456347
 
-0.3832676940740219 0.21878475798600455
 
-0.38332034101315127 0.21340940169916678
 
-0.38338649218389176 0.20803419463959635
 
-0.3834783318892972 0.20217060753844815
 
-0.38358010096788075 0.1965515688655247
 
-0.3836823432692127 0.19142131957250766
 
-0.38380372378425553 0.18580267032880743
 
-0.3839239458167933 0.1806728108804818
 
-0.38404946631888204 0.17554307834357102
 
-0.38420140102355854 0.16968074057867272
 
-0.3843413306418306 0.16455138087217758
 
-0.3845039808815571 0.15893377484712723
 
-0.38465164894185827 0.15404908449304705
 
-0.38480937826858796 0.14892024127491563
 
-0.38497098128078705 0.14403599208207898
 
-0.38515978384777966 0.13866369457530006
 
-0.3853578850788384 0.13329173191600097
 
-0.3855623811956076 0.1279200088917868
 
-0.3857698018052525 0.12254839799733991
 
-0.38596897923061024 0.11742099713043776
 
-0.3861502653619653 0.11278196215611307
 
-0.38632920577628244 0.1081428361088329
 
-0.3865282838167417 0.10301543138222019
 
-0.38672041487973746 0.09813228778757654
 
-0.38690524814398525 0.09349339278781045
 
-0.3871107480930003 0.08836624142787985
 
-0.38728455692852204 0.08397144733545295
 
-0.3874760225420248 0.07908827760359607
 
-0.3876672801372718 0.07420509971992832
 
-0.3878368904823674 0.0698101415907796
 
-0.3880119925896614 0.06517086908245993
 
-0.38817769269933694 0.060775761791416014
 
-0.38835238865241173 0.0561364739712429
 
-0.38850543119405995 0.051985410600629715
 
-0.3886639750117871 0.04759003934395589
 
-0.3888385049402442 0.042706234985123756
 
-0.3889930563562856 0.03831072153548702
 
-0.38913885378367585 0.034159397380887274
 
-0.38930858018761305 0.029275423726260984
 
-0.3895203813623995 0.023170444267963712
 
-0.38973344297497264 0.016821019538013078
 
-0.3899408890827955 0.010471408859836811
 
-0.39008429189058086 0.006075517566725346
 
-0.3902184243114832 0.0019238001365452003
 
-0.3903504243831283 -0.002227985636767604
 
-0.39046502689031365 -0.005891384943141707
 
-0.39059473318401 -0.010043243009570817
 
-0.39072825540012984 -0.014439445512178982
 
-0.390851890924036 -0.018591488790328573
 
-0.39096545739843064 -0.022499376494845125
 
-0.39108254428659106 -0.026651609603308306
 
-0.3911955293651544 -0.03055951416038747
 
-0.3912942498603107 -0.03397893473445606
 
-0.39142096877665866 -0.03837533859924982
 
-0.3915246589256915 -0.042039063011045465
 
-0.39162819344832306 -0.04570279182404717
 
-0.3917366413579229 -0.04961082492346173
 
-0.3918371436960927 -0.053274638168240705
 
-0.39192921256449287 -0.05669424430374753
 
-0.3920211366843411 -0.060113854333373365
 
-0.3921228456820656 -0.06402206862317375
 
-0.39222024850621423 -0.06793039260476282
 
-0.39229925998360954 -0.071105909035118
 
-0.39239214173020004 -0.07501434307400984
 
-0.39246747904034757 -0.07818994879618542
 
-0.39254936959528974 -0.08160981381333722
 
-0.3926286610605303 -0.08502974007892607
 
-0.3927145179306302 -0.0886939257743365
 
-0.39279291192248816 -0.09211387273014855
 
-0.3928640617512491 -0.09528957503277083
 
-0.3929359316058693 -0.09846526112195106
 
-0.3930177183656978 -0.1021295399239134
 
-0.3930845218921565 -0.1050609319729088
 
-0.39317096547869995 -0.10872510387375321
 
-0.39325149833253176 -0.11214500113214873
 
-0.3933235955761649 -0.1150762677599941
 
-0.3933948672244682 -0.11800755457779404
 
-0.39347786204579904 -0.1214273929742917
 
-0.39355179498959586 -0.12435861387621654
 
-0.39363259418999486 -0.12753408532188107
 
-0.39371325147815545 -0.13070956037529902
 
-0.393812319875998 -0.13461784249251738
 
-0.3938857426208336 -0.13754907621854476
 
-0.39395983322617395 -0.14048029313959667
 
-0.3940338030356099 -0.1434115131114429
 
-0.39410765158335476 -0.1463427361408381
 
-0.39418365754437606 -0.14927390402240828
 
-0.39426584739049975 -0.1524493397786802
 
-0.39435419612017447 -0.15586904404959176
 
-0.3944248535407428 -0.15855592221143303
 
-0.3945670631217849 -0.164174082852446
 
-0.39472109296405816 -0.17028079299224788
 
-0.3948490810545757 -0.17516603861145322
 
-0.39491936197293104 -0.17785292664785818
 
-0.3949825325072133 -0.1802955708936333
 
-0.39507841381401987 -0.18395950798201224
 
-0.3951677213686658 -0.18737918734698356
 
-0.39523777069743915 -0.19006608143108872
 
-0.3953069747353609 -0.19275299741950322
 
-0.3953691461518357 -0.19519566729953045
 
-0.3954306031798005 -0.19763835525781198
 
-0.39549030258205825 -0.20008108680450082
 
-0.39555447953835093 -0.2027681275645086
 
-0.39560636979330055 -0.20496663013625516
 
-0.3956745599551437 -0.207897990257067
 
-0.3957312788189888 -0.2103407928275391
 
-0.39578912931229054 -0.21278356886071145
 
-0.3958461804501079 -0.21522636369358134
 
-0.39590498945638375 -0.21766911683882492
 
-0.39596432848891544 -0.2201118571662114
 
-0.3960281470064197 -0.222798906463207
 
-0.3960796088967373 -0.22499741910369347
 
-0.396136054595957 -0.22744022800142996
 
-0.39618572902851706 -0.2296387817549877
 
-0.3962358728597562 -0.231837324852751
 
-0.3962914801019054 -0.2342801529806469
 
-0.39633588702305617 -0.23623441727678432
 
-0.3963919474204656 -0.2386772350472421
 
-0.39643577948734154 -0.24063151232125338
 
-0.39648980580296067 -0.24307437592469922
 
-0.3965344118101193 -0.24502863568684166
 
-0.3965784627701714 -0.24698290803907974
 
-0.39662144149936923 -0.24893720426602253
 
-0.39666970833211923 -0.25113578937226455
 
-0.39671787994984087 -0.2533343765667554
 
-0.3967611011722249 -0.25528866744575524
 
-0.39680423977401325 -0.25724296015024944
 
-0.39685322922909666 -0.25944152927352565
 
-0.39689126281889603 -0.261151529023724
 
-0.39693947993876344 -0.26335011522078033
 
-0.39698226089072736 -0.26530441578721137
 
-0.39702495507104685 -0.26725871825120495
 
-0.3970675663504627 -0.269213022524513
 
-0.3971047830082937 -0.2709230402495709
 
-0.39714770064797844 -0.2728773378190338
 
-0.3971851821743584 -0.2745873497589953
 
-0.39722844074260943 -0.2765416398116943
 
-0.39726666538147487 -0.27825163530192665
 
-0.39731126334436295 -0.2802058952476631
 
-0.3973552079283597 -0.2821601699948117
 
-0.397388467762529 -0.2836258692468571
 
-0.39743273517683086 -0.2855801367080389
 
-0.39747225323059354 -0.2872901027963164
 
-0.3975126170567201 -0.28900004912915045
 
-0.39755336232291394 -0.2907099864154023
 
-0.397600379813734 -0.29266418964673785
 
-0.39764842916851867 -0.29461836777917805
 
-0.39768478062369006 -0.2960839936133262
 
-0.3977342175960177 -0.29803813713404637
 
-0.3977841062621143 -0.299992269175337
 
-0.3978214602816538 -0.30145786980007727
 
-0.39787169195543926 -0.3034119930543154
 
-0.39790929964767646 -0.3048775871916872
 
-0.39797807885456393 -0.30756451408841556
 
-0.39802740618056326 -0.3095186603799489
 
-0.39806471900487334 -0.3109842620540601
 
-0.3981015801216727 -0.3124498751585605
 
-0.39814451188601807 -0.31415975894503323
 
-0.39818023366917543 -0.3156254002613935
 
-0.3982205546594268 -0.31733534760484516
 
-0.39824930682014476 -0.3185567397082291
 
-0.39828875338754816 -0.3202667074470917
 
-0.39831631424496705 -0.32148812701304497
 
-0.3983543834308464 -0.3231981259711491
 
-0.3983865606955027 -0.32466384938900644
 
-0.3984183185222873 -0.3261295819548083
 
-0.39846125899742535 -0.32808387902265657
 
-0.398503387273225 -0.33003819376756915
 
-0.39855589627347543 -0.33248109045648405
 
-0.39859653201637246 -0.3344354368050627
 
-0.3986218725762289 -0.3356569044521913
 
-0.39865261460273704 -0.33712265867504737
 
-0.3986781845977885 -0.33834412154075727
 
-0.3987088132786461 -0.3398098781364863
 
-0.39872969622996596 -0.3407870393978938
 
-0.39876027077033954 -0.3422527971239508
 
-0.39879078398119544 -0.3437185561280094
 
-0.39881182015605837 -0.344695714102852
 
-0.39884291957563506 -0.34616146078632637
 
-0.39886848251429446 -0.3473829237997338
 
-0.39889458733438854 -0.34860437535232297
 
-0.39892032730657184 -0.34982583464791417
 
-0.39895153507346487 -0.35129157902852803
 
-0.39898347490859387 -0.35275730763947466
 
-0.39901490538950335 -0.35422304726126497
 
-0.3990328902850411 -0.35520026615792166
 
-0.39904537124174605 -0.3561775708464248
 
-0.3990501338083775 -0.35715494362403344
 
-0.39903946269205 -0.35788790423401207
 
-0.3990010641962647 -0.358619936121313
 
-0.3989549050924397 -0.3591064434637518
 
-0.39888726512217454 -0.35959043198792895
 
-0.39879713604576544 -0.3600707410620661
 
-0.39868672505679636 -0.36054679722537847
 
-0.398619365958135 -0.360781675419568
 
-0.39845791002452835 -0.3612429259356827
 
-0.39836400528947774 -0.36146850721817986
 
-0.39804302525436974 -0.36212753449042784
 
-0.39780019295729513 -0.3625516247315439
 
-0.3972649475356869 -0.3633694221191032
 
-0.3968281501672056 -0.3639581098014878
 
-0.396355753958181 -0.36451863361918285
 
-0.3955122488211771 -0.36540244606580413
 
-0.3944401415013804 -0.3664024292700894
 
-0.3933078333369792 -0.36733369654367204
 
-0.3919268385798906 -0.36834285420257634
 
-0.390293392697833 -0.36941662115317253
 
-0.3883960373901609 -0.3705284435279175
 
-0.38579427832414614 -0.3718806165266378
 
-0.3833539486606295 -0.37300715896304293
 
-0.38064428956684365 -0.3741275471330658
 
-0.377204617130482 -0.3753933598139659
 
-0.37325814228143195 -0.37668954089399004
 
-0.3695070423208258 -0.37779123628780836
 
-0.36500967156739705 -0.37894326339713813
 
-0.3604812442782851 -0.3799664234245304
 
-0.35593137545680026 -0.38088957230835774
 
-0.3496768008466795 -0.3820035229798378
 
-0.34412628235674825 -0.38288425962951866
 
-0.33904530561327945 -0.38360090921545104
 
-0.33346672686517287 -0.3842816527092422
 
-0.32763378575631863 -0.38488736406366447
 
-0.32203534414148177 -0.3853786929132431
 
-0.31569776565050917 -0.38582105986817905
 
-0.31008631008464743 -0.3861301213273253
 
-0.3039829862996725 -0.38638521483885857
 
-0.2981213997276835 -0.38656379558620024
 
-0.29176945271416954 -0.3866793758162131
 
-0.2856610700445438 -0.3867367786496637
 
-0.2797968035962248 -0.38675839455499533
 
-0.27295511672551315 -0.3867511864182257
 
-0.2673351805860259 -0.38673474436100935
 
-0.2609822489325046 -0.3867056057654524
 
-0.25511801981760385 -0.3866755206829594
 
-0.24876512473715032 -0.38663927501001366
 
-0.2429009063773744 -0.38660716188013966
 
-0.23679233785042395 -0.3865751544526027
 
-0.23068376215373387 -0.3865445459296062
 
-0.2248194970144981 -0.3865225777482416
 
-0.21895520415292855 -0.38651002952218044
 
-0.21235785967199033 -0.38651112890373956
 
-0.20673791126205193 -0.3865226364141596
 
-0.20111798668261788 -0.386542643278933
 
-0.19500943046455063 -0.3865769194307688
 
-0.18914527548705926 -0.38661904571948635
 
-0.1835255810815734 -0.38667370230299924
 
-0.17741736239321154 -0.386746492268063
 
-0.17179795221730423 -0.38682511687031595
 
-0.16593443452949078 -0.38692128624661004
 
-0.15958264183391588 -0.38704505702062225
 
-0.15420818764474756 -0.38715672205174045
 
-0.148833953577316 -0.3872785214733583
 
-0.14321567835033716 -0.387416129711052
 
-0.1375976539638831 -0.3875636239359309
 
-0.1322241779739392 -0.3877152243849412
 
-0.12709506590553118 -0.3878639546320151
 
-0.121477685029307 -0.38803420340468636
 
-0.1165932560948081 -0.38819027933207184
 
-0.1112204655454038 -0.3883644878935153
 
-0.10609224234794683 -0.3885412310227953
 
-0.10072018567747588 -0.3887367662878814
 
-0.09583677423421576 -0.38892196452523725
 
-0.08997692824829681 -0.3891506416896907
 
-0.08509376714455512 -0.3893423272295413
 
-0.07996643902627101 -0.3895433686783323
 
-0.07508321292536341 -0.3897333911998766
 
-0.06971165398076686 -0.38994215282320144
 
-0.06482836005763568 -0.390130424360044
 
-0.060189138870265155 -0.3903068809526661
 
-0.05481723893932831 -0.3905066759542281
 
-0.05042196512330264 -0.3906678984969912
 
-0.045538319873579036 -0.39084682525891196
 
-0.040410535991046236 -0.3910358854364223
 
-0.03577115208061946 -0.39120801064114413
 
-0.03137586315847609 -0.3913688208305589
 
-0.026247928964403745 -0.3915537591931206
 
-0.02111988567261003 -0.39173564732954763
 
-0.01672436866438264 -0.3918900975044248
 
-0.012084576424691032 -0.3920508399285848
 
-0.006467727844888401 -0.3922378281227023
 
-0.0018275975888874946 -0.3923884978335678
 
0.0020800056015625222 -0.39251146515117474
 
0.007941654514655208 -0.39268798779528197
 
0.012093816715906928 -0.39280756279640416
 
0.016246070806166447 -0.3929239032292725
 
0.021131191924651148 -0.39305655830461506
 
0.025039319614212303 -0.3931615421953171
 
0.029191763025312206 -0.39327091698220246
 
0.0335885040442108 -0.3933853417997484
 
0.037985338341945035 -0.39349612439949955
 
0.04189368370637005 -0.39359266541457677
 
0.04604637997835612 -0.39369197704045
 
0.05019908071343597 -0.39379110186712907
 
0.055817580624766064 -0.39391920846160755
 
0.06216927767250257 -0.39404779409779384
 
0.0677881724213602 -0.3941572214911888
 
0.07340718495220581 -0.3942604238718068
 
0.07756039439319508 -0.3943352601309214
 
0.08122501017966371 -0.3944002166560768
 
0.08513393655566334 -0.3944693414868469
 
0.08879855781781801 -0.3945339883549798
 
0.09295179850937836 -0.39460706970937703
 
0.09637213188194364 -0.39466625094834024
 
0.10052543522938158 -0.39473568026893124
 
0.1039457909460988 -0.39479355573563135
 
0.10761044345254289 -0.39485640650816844
 
0.11127511411220364 -0.39491818974872606
 
0.11518407942264215 -0.39498507664584676
 
0.11860441207488895 -0.3950442995004163
 
0.12202473132886575 -0.3951042911615165
 
0.12617801796895223 -0.3951747128320166
 
0.1293540353065519 -0.39523004170584713
 
0.13277437865527283 -0.39528864354361165
 
0.13668334592014703 -0.3953554161230146
 
0.14010370996792648 -0.39541279712321153
 
0.1435240763388428 -0.39547003947842907
 
0.14694442988788387 -0.3955280429100943
 
0.1503647694713179 -0.39558686410120064
 
0.153785095980307 -0.395646440694191
 
0.15671679339338793 -0.3956981353186388
 
0.16038141806185005 -0.3957625888048736
 
0.16355739821226295 -0.3958200126430973
 
0.166733365746566 -0.39587813005934896
 
0.17015362376311852 -0.3959415169565298
 
0.1730852757290033 -0.395995727720989
 
0.17601694382932317 -0.39604905881538055
 
0.17943720974251617 -0.39611201817983915
 
0.18236888306804597 -0.3961650612608127
 
0.1857892174088478 -0.39622418651478786
 
0.1887208952778062 -0.3962769778845533
 
0.19165261639302195 -0.3963273103656663
 
0.19458432679737944 -0.3963782629028371
 
0.19751602612691935 -0.3964298487268085
 
0.20044776526265046 -0.39647912038278016
 
0.20337951836133317 -0.39652755409442575
 
0.20631125994725594 -0.3965766797438677
 
0.20899869146969688 -0.3966216079070894
 
0.21193045107172293 -0.39666964634992646
 
0.21437355623996482 -0.39671134244958034
 
0.2173052845503341 -0.3967612540738918
 
0.22023701496121187 -0.3968110421647514
 
0.22292442467267587 -0.39685725656070636
 
0.22561184835012707 -0.3969026515553292
 
0.22805496251111457 -0.3969438173688296
 
0.2309866880272542 -0.39699389285257936
 
0.23342978337696513 -0.3970361603346635
 
0.23685007784773945 -0.3970975487025885
 
0.23929313545332867 -0.3971419442383273
 
0.2422247925237883 -0.3971958782469262
 
0.24466783040289503 -0.39724134635738323
 
0.2473551883966631 -0.39729047619549573
 
0.24955390565056032 -0.3973322923879172
 
0.2519969147618708 -0.39737928078941165
 
0.25443992574676216 -0.397426171678919
 
0.256882913034254 -0.3974742813554106
 
0.2595701730673106 -0.39752850535746387
 
0.2617688526816864 -0.3975722558987421
 
0.26421184639317247 -0.39762003825383757
 
0.2666548302896194 -0.39766831981884565
 
0.2690978034111222 -0.39771714353680904
 
0.2712964913943611 -0.39776047145962
 
0.27349519315416343 -0.39780309455167123
 
0.2756938856559828 -0.3978461925676028
 
0.2778925689815712 -0.3978897562027975
 
0.2803355525799235 -0.39793805284867106
 
0.28253423958650037 -0.3979814303041528
 
0.2847329283250256 -0.3980247198827618
 
0.2869316290024342 -0.39806739877329306
 
0.28913035126436104 -0.3981089508062078
 
0.2910847724657533 -0.39814581110129355
 
0.2932835085552106 -0.3981866248912662
 
0.29548225737157163 -0.3982267471928576
 
0.29768101817929604 -0.3982662068804775
 
0.29963547361021864 -0.39830120519964024
 
0.3015899127016722 -0.3983371043862881
 
0.30354435332731233 -0.39837291995065655
 
0.3057430899891987 -0.398413702890849
 
0.3076975329370049 -0.39844939151054737
 
0.30989629433304605 -0.3984888184025264
 
0.3116064355958862 -0.398519843565912
 
0.31404950932902453 -0.39856334255751547
 
0.31600396977498696 -0.39859805968545026
 
0.3179584316360543 -0.3986326970559997
 
0.3199128856810639 -0.39866777268501674
 
0.32186734122373434 -0.3987027647630742
 
0.3238218148192049 -0.39873673354894795
 
0.3255319878735442 -0.39876595381323116
 
0.3272421620659846 -0.39879510739175633
 
0.3291966482664718 -0.3988283430038369
 
0.33090683817511996 -0.3988565595944897
 
0.33261703617724653 -0.39888428130355835
 
0.3345715495189266 -0.3989158805282327
 
0.33628174260695876 -0.3989439037557423
 
0.3379919295941834 -0.39897229685978997
 
0.3399464385522589 -0.39900416607075995
 
0.3416566424365433 -0.39903152249249424
 
0.34336684053470945 -0.3990592382760643
 
0.3448327192597204 -0.3990833230757465
 
0.3467872171781528 -0.39911586229283835
 
0.3484974040202712 -0.3991442641356788
 
0.34996328529223203 -0.39916819341753096
 
0.35142916170500915 -0.39919241853833415
 
0.35338366501200635 -0.3992246324598703
 
0.35484953738703845 -0.3992491006868873
 
0.35655975136758056 -0.3992758184785227
 
0.3580257609843949 -0.3992898298104838
 
0.3592474914595986 -0.3992897758359621
 
0.3599803341963053 -0.39927284504272087
 
0.3609562822445236 -0.3992198767915751
 
0.36192916960899485 -0.3991262263537524
 
0.36241226284464334 -0.3990524633360302
 
0.3631296547854225 -0.3989018182836432
 
0.3633599551151659 -0.39882016797808106
 
0.3644374773108148 -0.3982443457183189
 
0.3654425068728731 -0.3975496940528458
 
0.36582482778235875 -0.39724530814764825
 
0.36653092191914244 -0.39656950396117774
 
0.3678273567824664 -0.3951065010360399
 
0.36873344705170175 -0.3939539469427269
 
0.3695676411642357 -0.39274833477597176
 
0.3709317940326837 -0.39043243458831967
 
0.3725593081218956 -0.38714840868982114
 
0.3742831634539791 -0.3831020835150257
 
0.3758267758074241 -0.37898362682247305
 
0.3770522603032947 -0.37527112478131597
 
0.3780972824013212 -0.3717580695544185
 
0.3792246023280316 -0.36750676688241624
 
0.3802927666277965 -0.3629887435111691
 
0.3811932436977717 -0.35868368071574036
 
0.38204870720288703 -0.35412060145433727
 
0.3828504632227312 -0.3492998968382129
 
0.38374699687267233 -0.3430104757943821
 
0.3843825853907815 -0.33791872378428467
 
0.3850331390931334 -0.33184481122282783
 
0.3855996540285167 -0.32551712203323757
 
0.38602806390078076 -0.3196684851659347
 
0.3863840144114807 -0.31381499155457954
 
0.38672598243585277 -0.30624798576684137
 
0.3869163481368369 -0.3001423003160704
 
0.387046005723277 -0.29281306421940523
 
0.38710637455409397 -0.28597163989413715
 
0.38712252214108844 -0.2793743150829554
 
0.38710455635477325 -0.273265689120074
 
0.38702740617738524 -0.26471392378530645
 
0.38694503118252205 -0.2583614593806621
 
0.3868454405492077 -0.25200924155081555
 
0.38673397520954317 -0.24516845894411352
 
0.3866316391498548 -0.23857190812268514
 
0.3865558867922371 -0.2324637254548053
 
0.38648852002480116 -0.22488929607431765
 
0.38644378395446394 -0.21804775166694088
 
0.3864161385861663 -0.2119391618413355
 
0.3864020544737554 -0.205341832302304
 
0.3864018304292194 -0.19923317992443237
 
0.38641605181744004 -0.1933688908817299
 
0.38644218891189375 -0.18726029441640613
 
0.3864894911691023 -0.18041876727032485
 
0.3865480119456096 -0.1743103952087536
 
0.38661437560177153 -0.16893519076838212
 
0.3867150220052363 -0.16258298957875283
 
0.38682793388347025 -0.1564753808133172
 
0.3869506035894493 -0.1508567595681717
 
0.38712300241816916 -0.14426166790446743
 
0.38728949763657067 -0.13839972560122973
 
0.38746087208188196 -0.13278237895422063
 
0.3876601202865217 -0.12667697691366547
 
0.38785406703000774 -0.12106036430339392
 
0.3880448617088734 -0.11568813717666518
 
0.3882702262313417 -0.10958364336014936
 
0.3885066349309566 -0.10347956727521854
 
0.3887316076383854 -0.09786411183206237
 
0.3889625633565099 -0.09224889927959067
 
0.3891832437094945 -0.0868778167916321
 
0.3894021660138594 -0.08150666235936196
 
0.3896195190483218 -0.07613544419501056
 
0.38987239133982854 -0.06978748032804927
 
0.3900835004908484 -0.06441601313211442
 
0.3902810922342056 -0.059288550913859095
 
0.390490811814312 -0.053672505129600374
 
0.39067849603797217 -0.048544670700831447
 
0.39085575558342533 -0.04366096465267242
 
0.39107361703856774 -0.03755619845647491
 
0.39125253501237917 -0.03242805067629827
 
0.3914203254040066 -0.02754401012612295
 
0.3915866917182771 -0.022659920859867122
 
0.39176113044013133 -0.017531618759854223
 
0.39192116001587735 -0.012647317761127635
 
0.3920771593063176 -0.007762886378391107
 
0.3922479951935198 -0.0021455233268504676
 
0.3923770935091105 0.0022508113113507136
 
0.3925084555418787 0.006891528300219387
 
0.39265080469738567 0.012020821430330966
 
0.39277380516936455 0.016417330899219762
 
0.3929012480366883 0.02105815716939962
 
0.39303936146833546 0.026187566099938418
 
0.3931742208595824 0.031317061615218245
 
0.3932852612820035 0.035713889409289844
 
0.3934000114504812 0.04035504686764627
 
0.39352814138366776 0.045729133732489415
 
0.3936315404996696 0.05012614786129796
 
0.393731508766524 0.05452324132991538
 
0.3938415902956493 0.059653328400680244
 
0.3939312846634967 0.0640506434390313
 
0.39401167935597886 0.06820374900232065
 
0.39410081269861064 0.07308985798171379
 
0.3941701653255052 0.07699878032276393
 
0.39423646593094874 0.08090775562134742
 
0.39431259586573686 0.08554970719234171
 
0.39437742626663985 0.0897030848714746
 
0.39443542806648013 0.09361219211564556
 
0.3944984274878445 0.09800997061155002
 
0.39456118932932244 0.10216338006375371
 
0.394621132648221 0.10607245801817436
 
0.39469185611374996 0.1104701190803254
 
0.39475568147844114 0.11437913557786543
 
0.3948273013125214 0.11877678213318364
 
0.3948907940444773 0.12268580404770438
 
0.3949605638051566 0.12683910169016863
 
0.3950229072942306 0.13050376286167714
 
0.39508782659363073 0.13416837930779502
 
0.39515689690129224 0.13807730664759268
 
0.3952279986354945 0.14198619756428651
 
0.3952884960610217 0.14540650790985907
 
0.39535559176712975 0.14931546964175713
 
0.3954268449880565 0.1532243578000095
 
0.3954881425804965 0.1566446538988413
 
0.3955501708221299 0.16006493682511638
 
0.3956231105301433 0.16397379387727537
 
0.39569330424726873 0.16763831308921368
 
0.3957613770993855 0.1710584810507813
 
0.3958301704363786 0.17447863459635615
 
0.3959007099738701 0.17789875257270965
 
0.39597196713319305 0.18131885567287698
 
0.39607911630844095 0.1862046027770074
 
0.39616736071677294 0.1903575489662565
 
0.39623738609889325 0.19377767750834202
 
0.3963014854886268 0.19695352994213772
 
0.3963712996563898 0.20037366280220406
 
0.3964302847314519 0.20330522259470055
 
0.3964948302162593 0.20648106599345462
 
0.39656318556501696 0.20990122832071573
 
0.396632340141067 0.21332137458120523
 
0.396709048413403 0.2172301594942155
 
0.3967703377246682 0.22040606740115093
 
0.396833088043571 0.2235819467770866
 
0.3968916384298501 0.22651351528359015
 
0.3969969295824972 0.23139930278249576
 
0.39708857220271326 0.23579657764953466
 
0.39717125267577463 0.239705240796263
 
0.39724989985094056 0.24361398717804023
 
0.39730315651075293 0.24630126655611861
 
0.3973611292531432 0.24923284654261085
 
0.39742684978511605 0.25265306051401676
 
0.3974783748901466 0.25534037365007173
 
0.39752978889880825 0.2580276889139318
 
0.39758437175452926 0.26095933397565413
 
0.3976342953518354 0.26364667734078195
 
0.39768480347036295 0.26633400978348837
 
0.39773450042039604 0.2690213573495504
 
0.39778407918908415 0.2717087070985331
 
0.3978388279438879 0.27464034906676643
 
0.39788323936964853 0.27708340638354817
 
0.3979319757842943 0.2797707715410118
 
0.39797740543510485 0.28221381013560015
 
0.3980325567130268 0.28514544455902346
 
0.3980777048148298 0.2875884883729422
 
0.398127990880481 0.2902758249799308
 
0.3981781611820225 0.2929631637506304
 
0.398223670550481 0.29540620086152314
 
0.39826973220157286 0.2978492276219414
 
0.3983156940596465 0.30029225626185196
 
0.39836155331294104 0.30273528682995915
 
0.3984066351915432 0.3051783318668016
 
0.39845161907034116 0.30762137871008294
 
0.3984920096692458 0.30982012261423686
 
0.3985313224954406 0.3120188860526796
 
0.3985742824596969 0.3144619693237307
 
0.39861227417588785 0.3166607559859685
 
0.39864962128755604 0.3188595536914844
 
0.39868910585622264 0.32130269560235614
 
0.3987206184890474 0.32325721034207444
 
0.3987571211890279 0.32545602222794057
 
0.39878998310820446 0.3274105147472599
 
0.39883161602588857 0.329853620993002
 
0.3988648442820508 0.3318081073185607
 
0.39890271770838287 0.334006896021486
 
0.3989362995454807 0.33596137630381745
 
0.398973994160586 0.3381601680794356
 
0.39901159274367226 0.34035896149926476
 
0.39904445931128424 0.34231345394042106
 
0.3990783087357671 0.3442679296067489
 
0.3991115981249933 0.34622241489202743
 
0.3991448047748085 0.3481769015847966
 
0.399178451164871 0.35013138075691363
 
