0.0 0.0
 
0.00017452001563650685 2.1227625642710353e-06
 
0.007329839641549067 8.923944969272412e-05
 
0.018150722132880014 0.00014787625398931088
 
0.025132031411022077 0.0001582651327030551
 
0.03316053180004118 0.00014318102227046538
 
0.04049078280380678 9.921430566623206e-05
 
0.04974072616533751 2.4508037120561524e-05
 
0.0589905393633761 -6.487327791532008e-05
 
0.07050969831868145 -8.290163055380422e-05
 
0.08290036417692949 8.75122882613128e-05
 
0.09633745010884712 0.0003164005793582429
 
0.11186949489240416 0.0005238687808500744
 
0.12653005832227504 0.0006008838458263274
 
0.14345974214386917 0.0006192135530781256
 
0.16178532604490234 0.0005022520164945029
 
0.17853998145901068 0.0003721135136522226
 
0.19424503738306498 6.990754157455356e-05
 
0.20488957704978822 -0.00013482932903974529
 
0.21675702645725894 -0.00027172151471349497
 
0.22827605104612886 -0.00021323578910258106
 
0.24066668619731216 -4.060362309659532e-05
 
0.2542779555839246 0.00020956408725312294
 
0.2659692395444875 0.00044755378395893873
 
0.2764400362531366 0.000604676059138519
 
0.2835953680703435 0.0006907855929423673
 
0.29127465236384376 0.000741037063644283
 
0.2994776318790173 0.000774430244469197
 
0.3068079991033747 0.0007895698099620779
 
0.31448744527213174 0.0007958157581422115
 
0.32269045886969827 0.0007722371868712267
 
0.33420930301114704 0.0008592871960699148
 
0.3464198457396892 0.0012657130440835683
 
0.35946929122435894 0.0022949220474718863
 
0.3707268506489388 0.003697853144118238
 
0.3820705742458047 0.00570067191200452
 
0.3910681092403928 0.00784808832230998
 
0.4000580259671098 0.010677900481534965
 
0.4081812709975885 0.01386651226748225
 
0.4166411155971381 0.018020723258907016
 
0.42712312213376014 0.024630199810094067
 
0.43470788458850107 0.03051391870129139
 
0.44086532289772923 0.03619457068736717
 
0.44649475421192436 0.042161101598176626
 
0.4524213287101355 0.04926340741637675
 
0.45820083430884506 0.0569278763816714
 
0.46372898395654505 0.06477557228289701
 
0.46966428951655514 0.07361414059523959
 
0.47614532981066376 0.08376423765224317
 
0.48210805666063794 0.09320972248136838
 
0.4881935527245609 0.10319518678695931
 
0.49328835829804013 0.11133089361881622
 
0.4978470871312444 0.11835953822102582
 
0.5019020479864887 0.1244662398931899
 
0.5059205573251309 0.130387200200555
 
0.5098814203802084 0.1361361436708627
 
0.5139725727624012 0.14200714532746495
 
0.5185298444099177 0.1486168594784407
 
0.5243959347785133 0.15729160759643715
 
0.5304048716132291 0.1662909194747092
 
0.5360280448724524 0.17449763149508954
 
0.5401384916027085 0.18035514085862225
 
0.5440670965309253 0.1859137713435123
 
0.5492394693317251 0.19315791038801358
 
0.5538393750485525 0.199523905589324
 
0.5579166077946615 0.2051909118801208
 
0.5645165847178474 0.2146318680113875
 
0.5708159552887362 0.2240668449732304
 
0.5764397960980653 0.23290056931093403
 
0.5826821976947121 0.24299450398555703
 
0.5882880985583954 0.25225024877852564
 
0.5944944889909259 0.2623663652620567
 
0.5983526010852416 0.2683930691152291
 
0.6017490765919815 0.27347042945855593
 
0.6064521325068711 0.28019138572179
 
0.6098259189562534 0.284859404788668
 
0.6136669675586037 0.29005059640554964
 
0.6174551729139748 0.29506337186330717
 
0.6209383990573241 0.29965030685838406
 
0.6270842839737396 0.3079125960340257
 
0.6331998864620136 0.31662738507955346
 
0.6405246136344895 0.32768610984860336
 
0.6481727062693692 0.3397828628060247
 
0.6538613012616864 0.34898801479713243
 
0.6587596290149417 0.3568348879603598
 
0.6627827341654497 0.36317037419793596
 
0.6666096884797931 0.3690093131290947
 
0.6707493845497449 0.3750588940483654
 
0.6747795004851641 0.38075950390284147
 
0.6791695613899921 0.38684646752770935
 
0.6839569956603507 0.3935075831353144
 
0.6908833908166062 0.4031450177031219
 
0.6962273582701695 0.410480585995053
 
0.7003266725351682 0.4161316398545248
 
0.7085838273129075 0.42739106007227806
 
0.7129782193372387 0.4332582426658974
 
0.7160277310245876 0.43707694456313956
 
0.7180881267715438 0.4392119417054704
 
0.7193035829020527 0.44020696305955304
 
0.7201900556818401 0.4407644473390877
 
0.7201900556818401 0.4407644473390877
 
0.7203574868738157 0.4408137275372637
 
0.7205296684895954 0.4408422798255466
 
0.720878400206426 0.4408575493242596
 
0.7220975911157868 0.4407788163357016
 
0.7239921637819347 0.4404682278747048
 
0.7265371718564823 0.439854366452487
 
0.7298813793235176 0.43885387996637376
 
0.7341479301915382 0.4373083440502032
 
0.7385035691947346 0.4355097282556865
 
0.7438558237911662 0.4329470842183062
 
0.7490850009809986 0.43014182493533787
 
0.7537776958586246 0.4274488064008667
 
0.7590294617534186 0.4243287761269506
 
0.7693679948612435 0.4181527671617002
 
0.7851187688163854 0.40913127498715773
 
0.8051071410119923 0.3980308726941836
 
0.8235036840099399 0.3876598761155327
 
0.8323100973183287 0.3826678439984408
 
0.8385327403784285 0.3791344459720728
 
0.8452019065373176 0.37532706429750556
 
0.8518857831229107 0.3715455664118435
 
0.8608539785659174 0.3664850531647717
 
0.8764763729968159 0.3575907059207548
 
0.8833017228170099 0.35370488202629113
 
0.8936307258087534 0.34785964532398916
 
0.9036560059923964 0.34218645351526766
 
0.9144057393145612 0.3360219685556939
 
0.9203081573953278 0.33263172220042697
 
0.9274213633357269 0.3285461023844929
 
0.9372512704586946 0.3228827300840245
 
0.9460286847313655 0.3178398837942628
 
0.9551219158739873 0.3126460972651429
 
0.9634630515940278 0.30789507375590347
 
0.9716633633025895 0.30324950301677667
 
0.9801615790974854 0.29842163069571304
 
0.9870057978557941 0.29456913837317394
 
0.9954997024625435 0.2897336852013859
 
1.0014091373815206 0.28635568453709737
 
1.0071696623369222 0.2830688764113629
 
1.0139913770692746 0.2791766745130519
 
1.0202097499514469 0.27563576686607627
 
1.0288615544078497 0.2707249136472481
 
1.0387013817174677 0.26507879476993285
 
1.0429366876413024 0.26264072392543125
 
1.047770942083079 0.2598437956499256
 
1.0538211035916878 0.25636035871413637
 
1.0592717975709842 0.25323492230486194
 
1.0650319834844213 0.24994752003865797
 
1.072009690224044 0.2459765434984732
 
1.0791391357571636 0.24191932839188093
 
1.0848962863396772 0.23862661331348967
 
1.089132784317633 0.23619061442308495
 
1.0930651808738125 0.23392601845414746
 
1.0969958166668432 0.2316583677226351
 
1.1039733813163854 0.22768714151548866
 
1.111904159320263 0.22327451071702614
 
1.119553342296577 0.21907399232740524
 
1.1265859377147893 0.21520105446182997
 
1.1320671154787185 0.2121293923833183
 
1.136630392037907 0.209561888765957
 
1.1410433429430873 0.20708314123695531
 
1.1463693497569698 0.20409160562086295
 
1.151527608028877 0.20115798237858298
 
1.1557835583946756 0.19875613055235947
 
1.1604905249129505 0.19608813500563504
 
1.1650509012013461 0.19351548347675568
 
1.1691591284522969 0.19120700372657518
 
1.1741803243963758 0.1883855806271558
 
1.1784407563024029 0.18599168721152812
 
1.1823968904781497 0.18376881970286466
 
1.1872689537341428 0.18103828433122685
 
1.1930626280441772 0.1778102673847964
 
1.198097235627411 0.1750128465194964
 
1.2026797189252523 0.17247978224754992
 
1.2075561373663628 0.1697570323557396
 
1.2110562455266973 0.16779145244826205
 
1.2142494346224175 0.16599223828325285
 
1.2175931460916698 0.16410462690162064
 
1.2206305754236966 0.1623845339261073
 
1.223210508990627 0.16091913765817845
 
1.2269991036450727 0.1587546194020816
 
1.2301741507588964 0.15692358034253365
 
1.232588587532527 0.1555204762791504
 
1.2363631214642647 0.1533315307944869
 
1.2416637458590425 0.15029524771325758
 
1.2465169997643701 0.14753141879008205
 
1.2506094033580732 0.1451950021472941
 
1.2540918009467195 0.14319821258870036
 
1.2571171679912192 0.14145699145469018
 
1.259686500304197 0.1399730861688569
 
1.2636160918839359 0.1377036264106715
 
1.2683204726253405 0.13503107409473689
 
1.2745613970360394 0.1315300669873341
 
1.2779059985022283 0.12964403301360922
 
1.2807886161082787 0.12800476348372986
 
1.28365846593846 0.12634324285295
 
1.287429214596729 0.12414778315328942
 
1.2943852015640789 0.1201388816407892
 
1.3007688224085396 0.1165355640355063
 
1.3048693955386286 0.11421351539104493
 
1.308203887118982 0.11230966428913956
 
1.3104730041120092 0.11100390779684938
 
1.3122869494591796 0.10995696313622637
 
1.3140988165104828 0.10890642582925873
 
1.3165134644579861 0.10750368521312265
 
1.3184729722743682 0.10635984802543658
 
1.3201310230818588 0.10539199560941521
 
1.323756996018695 0.10329478707399382
 
1.3269297440627619 0.10145976716634517
 
1.33100902756709 0.09910051813460505
 
1.33462962072408 0.09699403562310162
 
1.3367416442936377 0.0957652728838176
 
1.3400680470476363 0.0938473240221771
 
1.342940869608896 0.09219094864629807
 
1.3452077437075818 0.09088130221847625
 
1.347472157031645 0.08956740563083833
 
1.3492828485489268 0.08851484348342181
 
1.3515449405467028 0.08719695436107626
 
1.3533536771121772 0.08614103633317617
 
1.355765340415481 0.0847331705519179
 
1.3587777137902775 0.08296956531199434
 
1.3608877430789312 0.08173738114197636
 
1.3631499510237093 0.08041969105709887
 
1.3657118869041525 0.07892305216400083
 
1.3691817244219795 0.07690451578667314
 
1.3718994693613353 0.07532861387167467
 
1.3741626092440284 0.07401252503859178
 
1.3758195364677568 0.07304275034584788
 
1.3771740009964075 0.07224724614039148
 
1.3785266093745883 0.07144858997185029
 
1.3798772043043965 0.07064653359238066
 
1.381679063774714 0.06957892257044616
 
1.383929766829671 0.06824167625670723
 
1.3857340746871245 0.06717820834442272
 
1.3878408431426514 0.06594045711634104
 
1.3898065321331574 0.06480727523023531
 
1.3914905528637718 0.06388535063555238
 
1.3930357007529461 0.0630737520904295
 
1.3945952571480362 0.06229019733905535
 
1.3961703069030216 0.06153827150016799
 
1.3980788919699376 0.060675836640439434
 
1.400006127196592 0.05985592492197808
 
1.401625080889219 0.059203879571563534
 
1.4034160573528476 0.058512305941247574
 
1.4050514945994441 0.057902782184277815
 
1.4068561388020626 0.05724770197439939
 
1.4086594838671367 0.05658905384702552
 
1.4096414573439895 0.05622525334951423
 
1.4104583078887052 0.05591817235520739
 
1.411437538807741 0.05554705307729748
 
1.4124206666787353 0.05518638383754083
 
1.4139073376567604 0.05467922458900999
 
1.4154037988342778 0.054201725851362466
 
1.4170768951742103 0.053704812543860315
 
1.4185927316498075 0.05329293770908529
 
1.4199504875681965 0.05296728397777816
 
1.4216589912889745 0.05261064798134175
 
1.4233720150661486 0.0522763969728104
 
1.4261176958554367 0.05176704154693083
 
1.4278378487716843 0.05147166358128079
 
1.4293897954786694 0.05122904759056446
 
1.4307716392623087 0.05102889953473678
 
1.4323274088203377 0.05081214579755309
 
1.4338826884537057 0.05059190419770502
 
1.43474663259669 0.05046884296388361
 
1.4361289448081278 0.050271956101079936
 
1.4376846336287452 0.050054623651412576
 
1.4390682403158714 0.0498670496074364
 
1.4404520847532316 0.049681237713785
 
1.4420086239916166 0.049470082084826256
 
1.4427001088235667 0.049373974859075374
 
1.4435641992637132 0.0492519451056788
 
1.4444279624519039 0.04912762011143819
 
1.44494589795965 0.04905081849931827
 
1.4454635853137816 0.048972361624668344
 
1.446498376799529 0.048811646683678725
 
1.447705240145088 0.048621630310435204
 
1.4490828005136527 0.048393860870879234
 
1.4504579188217441 0.048151784177688776
 
1.4513156357273407 0.047990957378550525
 
1.4520009490574795 0.0478577901483754
 
1.4520009490574795 0.0478577901483754
 
1.4518356980983502 0.0479139494083906
 
1.4521535541818376 0.04776967717230559
 
1.4518551301910068 0.04795075751251807
 
1.451991994480899 0.04784245281210784
 
1.4517457744039841 0.04808988490711306
 
1.4517457744039841 0.04808988490711306
 
1.4514051705738045 0.04869929191603669
 
1.4514051705738042 0.048699291916037106
 
1.4513649428692235 0.048869125581023846
 
1.451347649635217 0.0490427996609442
 
1.451361039670298 0.04956622719630011
 
1.4514508944195326 0.05008205837202333
 
1.4514508944195326 0.05008205837202333
 
1.451681506399284 0.05055213686823736
 
1.4518796936029177 0.050839484741433856
 
1.4519964533250036 0.05096921102742522
 
1.4522720735954404 0.05118340821330579
 
1.4527463863855585 0.0514051807430256
 
1.4530837211749394 0.0514949148379284
 
1.4522206949762808 0.05136557292710433
 
1.4492609128057912 0.051157888225962726
 
1.4442004954543957 0.051055412698356714
 
1.4382664402997583 0.0510277875456327
 
1.4283181717779576 0.0509813859631939
 
1.4138333493890822 0.05077924528496018
 
1.3995288823341656 0.050324299860344625
 
1.3862780710115 0.04972178765306178
 
1.3719871006384563 0.04895177540551401
 
1.3582167161909169 0.048253030920126616
 
1.3470591367870208 0.04772414814447624
 
1.3385158606140486 0.047335464824643285
 
1.3289247973798461 0.04693762626064341
 
1.3181117408569294 0.04652200046954165
 
1.3088675316250207 0.04618789136344446
 
1.2935218767194387 0.0455502351852305
 
1.274524532265056 0.04454184035673971
 
1.259534113240978 0.04377870134135483
 
1.2501204671893986 0.043320762889824206
 
1.2387849879441883 0.042864944788717683
 
1.2295407696595546 0.04253108624961418
 
1.2197716507015584 0.04222721517559185
 
1.207908532235088 0.041878624929235726
 
1.1990106478918088 0.04163645742490024
 
1.1854021226669371 0.04126594507386662
 
1.1707487893488178 0.04079917524881582
 
1.1560960032594219 0.04031553155773612
 
1.1414488169533785 0.03968467125817695
 
1.1268045116091001 0.038990140924037985
 
1.113378619909614 0.03839591852020828
 
1.1044850397362589 0.03802819228151601
 
1.0961137755781494 0.03770293866661057
 
1.087393480525035 0.03737005860817385
 
1.0769281579506345 0.03699683677472339
 
1.0682064454764555 0.036703431825164105
 
1.057391525030126 0.036339519877600396
 
1.0396037614226057 0.03561880537860434
 
1.0232169568830667 0.0348234506737776
 
1.0035164027308767 0.03389924862754374
 
0.9920093988925537 0.03336989928740679
 
0.9827685894296238 0.03295219881108877
 
0.9704029393539978 0.032147003479722214
 
0.9598021601060203 0.03116129498413229
 
0.9483829246143202 0.02964722469375884
 
0.9372248042731731 0.02759851526771321
 
0.926555420040827 0.024940152234586514
 
0.9174132830142089 0.022013020520429565
 
0.9090024150478128 0.018603350395302674
 
0.9000599889401146 0.013859268258091669
 
0.8927185195852871 0.009141516393187755
 
0.8849791175416742 0.0031724562617743554
 
0.8783404712849769 -0.0027570771739158376
 
0.8709206687079329 -0.01014685395274361
 
0.8627754561288019 -0.01925278870631262
 
0.8561279667740066 -0.02711715194217867
 
0.8487017893996984 -0.03615012760624203
 
0.8410445172256324 -0.045444993738292055
 
0.8350461205604398 -0.05271449695768735
 
0.8300247356932551 -0.058753596354321196
 
0.8249783368264945 -0.0647718092106736
 
0.8203630300326178 -0.07024036765550605
 
0.8157108909424781 -0.07567762708946114
 
0.8108121193265881 -0.08136320512286456
 
0.806230033854776 -0.08663039411651907
 
0.7988285809815835 -0.0952280307235058
 
0.7920352874974154 -0.10319756237606663
 
0.7860148195877865 -0.11022045347355788
 
0.7820115719479949 -0.11483452350535953
 
0.7773928149390157 -0.12006958519151747
 
0.7726064224840185 -0.12538904339070386
 
0.7678694150825135 -0.13051735188805139
 
0.763089609349094 -0.13560579411693016
 
0.7581584539691227 -0.14079134084651737
 
0.7529600887383684 -0.14620435847499783
 
0.7451176607136314 -0.15415845288111724
 
0.7355745569872739 -0.16362084367094995
 
0.72442042916936 -0.17468093149378833
 
0.7049060391354617 -0.19562102685802193
 
0.6951823027825126 -0.2065931279667363
 
0.6880053447903139 -0.21469165932397763
 
0.6807847992963817 -0.2227513528005355
 
0.674629860202025 -0.22965669551200493
 
0.6669008632147678 -0.23843196561116525
 
0.658676758247504 -0.24770136358524641
 
0.6537455481096066 -0.25312517031357656
 
0.6492492202156936 -0.25800059756537996
 
0.644291803453046 -0.2634004616277235
 
0.6359003614225307 -0.27251864905522155
 
0.6302105327290138 -0.2786676085572258
 
0.6232532333860973 -0.2862592690923664
 
0.6157408308581166 -0.2947601318790174
 
0.6093111630221788 -0.3021213406360502
 
0.6016084075480683 -0.31091965398852456
 
0.595299547256481 -0.31815464198483123
 
0.5873734443537025 -0.3272213528732969
 
0.581716127238964 -0.3336348858742313
 
0.5758162403097954 -0.3402998933843211
 
0.5713829281882505 -0.34523269168246307
 
0.5665771545691104 -0.35029661576240967
 
0.5628121911614979 -0.35367942163082633
 
0.5611084073809245 -0.35489745762125713
 
0.559717315102941 -0.35562702144602276
 
0.5593907151518226 -0.35575022631542386
 
0.5592203961263545 -0.35578834680259863
 
0.5593945671908834 -0.3557771137148807
 
0.558871768763326 -0.3557481744344571
 
0.5581844336369383 -0.3556258703229473
 
0.556674025961364 -0.3551945122885511
 
0.554561648294383 -0.3543663245161002
 
0.5512759794204031 -0.35274212986546405
 
0.5467922040225233 -0.3500381834972509
 
0.5424815509191315 -0.34706600624765355
 
0.5375668977601737 -0.3434380842183077
 
0.5325408125932843 -0.33966755567451806
 
0.5250152871949544 -0.33428856871625406
 
0.5168733401428998 -0.3288814695820919
 
0.5078360310146468 -0.3232533983651442
 
0.4958186012369632 -0.31614449337197364
 
0.4880120200541878 -0.31151568785142414
 
0.4805646403990188 -0.30696696372058896
 
0.47567149061172126 -0.30392888502281823
 
0.4707803525896561 -0.3008875685539396
 
0.4654564133860033 -0.29755079032334464
 
0.45897359506918145 -0.2934341170132816
 
0.45397565318966 -0.2902349998387685
 
0.44719790483117994 -0.28593160894134795
 
0.43819563582226095 -0.2802476583263551
 
0.4277174900008698 -0.2736320630046818
 
0.42035379304392 -0.26894908082738445
 
0.4112602619154701 -0.2630837054956663
 
0.40537957999448776 -0.2593212106704059
 
0.3975522635295846 -0.25439169242048126
 
0.3899947254993993 -0.24968907508448474
 
0.38285688724124234 -0.2453032891208008
 
0.3748452345231292 -0.24033943373066616
 
0.3704132487322294 -0.23755141118232423
 
0.3659892415240837 -0.23475074554660835
 
0.3620208157926753 -0.23220944526589687
 
0.35835424358879864 -0.22984410448486217
 
0.35322378171966085 -0.22652838511597764
 
0.3458777685814535 -0.22181771149960722
 
0.3382188477773618 -0.21694847311696727
 
0.33083122023500816 -0.21230333434163007
 
0.3241678557189136 -0.20814585904615895
 
0.31751894987220064 -0.20396529944864558
 
0.3133818329250086 -0.2013640941363844
 
0.3065902258926169 -0.19708260841943587
 
0.30216333169698617 -0.19428650835658207
 
0.29818276910425895 -0.19176426107532013
 
0.2942380106751023 -0.18918637612093483
 
0.2892466966891235 -0.1859769278162067
 
0.28411198449415315 -0.18266779430444194
 
0.27866161553660385 -0.17920432740040146
 
0.2692226540208047 -0.17323127954793088
 
0.26303834268691995 -0.1692956974847582
 
0.2587814018371942 -0.16655767272117403
 
0.2549687862781803 -0.16409675822108588
 
0.25026707112649604 -0.16108234311719213
 
0.24452295291351223 -0.15743030046891704
 
0.23920890889096924 -0.15407778593041926
 
0.23328938967316618 -0.1503766942811991
 
0.22796178437963685 -0.14704577257081294
 
0.21941075704445862 -0.1416279103051883
 
0.21291748613625372 -0.13752774379840269
 
0.20358406338811363 -0.1317148380088814
 
0.19691725546553143 -0.1275628867049526
 
0.19262392643663623 -0.12488228027100641
 
0.18923278408694813 -0.12273416130994612
 
0.18643789927102936 -0.12094941826960516
 
0.18423397736703312 -0.1195364001570928
 
0.18100349205419353 -0.11746096098400052
 
0.1770244925008289 -0.1149362486327073
 
0.1731955350308668 -0.1125008385500304
 
0.1695193051541864 -0.11015053588218751
 
0.16701825418422905 -0.10855423156360967
 
0.1636459473296162 -0.1063766622799695
 
0.1613010158514293 -0.10486025128385171
 
0.15747846956583078 -0.10241479069900562
 
0.15440275319507474 -0.10042140237274917
 
0.15176778347028497 -0.09871068937796322
 
0.147958719147831 -0.09624428175451744
 
0.14532166013287398 -0.09453679115345343
 
0.14180555604078127 -0.09226017625556478
 
0.13799641513111763 -0.08979388691570422
 
0.13285215520968022 -0.08649961555703324
 
0.12753697792696678 -0.08314889801332932
 
0.12370115973976085 -0.08072430806608397
 
0.12075614789647068 -0.07885038116400174
 
0.118550761477062 -0.0774396499045869
 
0.11664098233252687 -0.0762145874516918
 
0.11458604147541059 -0.07489257402453875
 
0.11208522117076174 -0.07329590836270049
 
0.10987609482097752 -0.07189104085439618
 
0.1073782134343012 -0.07028978134702993
 
0.10532614255186341 -0.06896331743072015
 
0.10342461640830938 -0.06772548354857955
 
0.10167283503873457 -0.06657754937009171
 
0.09992023087002465 -0.06543087178997224
 
0.09699272333780591 -0.06352971518404275
 
0.0940533340471841 -0.061646981164153646
 
0.09169711272814009 -0.060148172623271504
 
0.08904249088252149 -0.058468116892691296
 
0.08669345214615437 -0.05695807617748342
 
0.08522783646608414 -0.05601037111988347
 
0.08332252608077428 -0.05477837001191922
 
0.08185760898997928 -0.053829585465795395
 
0.08024547435681073 -0.0527870440018931
 
0.07776005859920429 -0.051166503368745744
 
0.07571323357390256 -0.04983195897322365
 
0.07322778257890089 -0.04821147238479573
 
0.07074442387888762 -0.04658778121991602
 
0.06782572424800677 -0.0446731300098616
 
0.06607209514743456 -0.04352802048560012
 
0.06417352875346528 -0.04228565176332431
 
0.06257085155119313 -0.041228629263689545
 
0.06154983387241048 -0.04055769837561756
 
0.05922031572292612 -0.03901771424006316
 
0.05747523778035795 -0.037859615013186645
 
0.05573240298645296 -0.03669814278963491
 
0.05384431861381926 -0.035439901240403145
 
0.0519639473112838 -0.03417016183446356
 
0.05007399117712517 -0.03291473353887958
 
0.04803369319851934 -0.03157023155438282
 
